times
0.4508
1.0153
1.5239
1.9199
2.4125
2.985
3.4677
3.9075
4.3882
4.9229
5.5312
6.0448
6.4069
6.8776
7.4082
8.0026
8.3696
8.8693
9.3001
9.9744
10.3593
10.8959
11.7606
11.6808
12.4557
12.8616
13.467
13.8849
14.3696
14.7296
15.704
15.5664
16.2795
16.6563
17.0335
17.9241
18.3709
18.7509
19.0182
19.809
20.0883
20.7784
20.8672
21.8236
22.6265
22.5249
22.9157
23.3725
23.9281
24.7837
24.9174
25.4021
25.9568
26.7213
26.8452
27.1763
27.1095
26.947
26.6867
26.4503
26.9869
26.8063
26.6129
26.951
27.305
26.7964
27.1404
26.4892
26.6478
27.2813
27.5693
28.0829
27.8835
28.1517
27.8346
27.2953
26.3726
26.915
27.1304
26.5151
26.7535
26.5809
26.7236
26.2967
26.8433
26.916
27.0198
26.6468
26.6489
27.0577
27.4457
26.8971
26.8582
26.8213
27.338
27.1404
26.936
26.6378
26.6547
26.9121
26.8502
26.5773
27.1115
27.6404
28.07
27.4088
27.5715
26.9759
27.481
27.3567
27.767
27.3096
26.8802
26.8363
27.1635
26.7056
27.326
30.4067
28.073
28.2634
28.2984
27.8546
29.3675
26.8622
27.5188
27.5833
27.0244
27.7632
27.127
27.2871
27.6307
26.9569
26.8281
26.7425
27.6796
27.6064
27.2859
27.1684
27.3201
27.2231
27.9812
27.4229
27.4299
27.5495
27.9155
27.4893
27.778
27.275
27.8384
26.8911
27.499
27.3406
27.0487
27.4867
27.7019
28.8269
27.3501
27.0388
27.2451
27.2931
27.3099
27.313
27.1731
27.3152
27.4945
27.5044
27.3966
27.4031
28.3991
27.3995
28.4537
27.5433
27.2555
27.2691
26.947
27.388
26.8712
26.8213
28.7037
27.2132
26.9759
27.1096
27.0716
27.2581
27.4018
27.6361
27.2073
27.0248
27.4426
27.5832
29.3977
28.055
27.2382
26.6328
27.3389
27.5027
27.958
27.1325
27.1802
27.0846
5078.744285583496
