0.4538
1.0771
1.499
2.0615
2.5252
2.9621
3.6642
4.123
4.6536
5.4205
5.8741
6.0748
6.5874
7.2985
7.7543
8.1123
8.7456
9.1495
9.6877
10.1878
10.6365
11.3217
11.973
11.9881
12.5704
13.0082
13.4431
14.4224
14.5471
15.4207
15.699
16.2476
16.6315
17.4319
17.9181
18.4198
18.8219
19.3822
20.2209
20.274
21.1245
21.2233
21.3888
22.058
22.8241
24.2871
24.1008
24.0597
25.0999
25.3861
26.0334
26.3775
26.8352
27.7091
28.4041
28.2296
28.5597
28.2724
28.4769
28.5357
27.9373
28.2924
28.2694
28.3979
27.9254
28.0151
27.8854
27.8625
28.069
28.1158
28.07
28.1028
27.8169
27.5863
27.9704
28.1028
27.6013
27.1664
27.0248
27.31
27.3339
26.952
26.928
27.1205
27.5525
27.9863
27.9862
28.2724
27.8896
26.9616
27.2671
27.3848
27.2871
27.0028
27.1315
27.6695
27.2262
28.0042
28.0121
28.0789
28.0311
27.7468
27.8338
27.4925
27.688
27.3908
27.4885
27.3569
27.9418
28.0232
27.4855
27.1933
27.7129
27.7969
28.0121
27.8116
27.9932
28.2934
28.434
27.6521
28.0959
28.3692
27.9772
28.1088
28.3981
27.8525
28.1168
28.1078
27.7718
27.692
27.9076
27.7478
27.6562
27.8127
27.7888
27.7229
27.4291
27.4297
27.8259
27.1534
27.5883
27.3678
27.318
27.1833
27.3668
27.1913
27.4277
27.0836
27.5763
27.4279
28.1697
28.057
27.8426
28.0532
27.4907
27.9263
27.668
28.2744
28.448
27.9183
28.069
28.3163
27.9284
28.3403
28.2964
28.0765
26.8602
27.3799
27.8505
27.7388
27.4287
27.7879
28.077
28.1168
28.2247
27.3
27.0497
27.5863
27.0469
28.1587
27.8515
27.363
27.8358
27.8725
27.4406
27.2023
4763.969176769257
