0.2362
0.4877
0.732
0.9904
1.1978
1.2038
1.1689
1.2576
1.2367
1.2567
1.1759
1.1988
1.1719
1.2058
1.1399
1.1868
1.1918
1.141
1.1879
1.1818
1.1439
1.2038
1.1998
1.1549
1.2157
0.2244
0.4767
0.6872
0.9355
0.9534
1.1609
1.1699
1.1988
1.4371
1.6705
1.9408
2.0715
2.1163
2.3856
2.616
2.8952
3.0897
3.3361
3.6822
3.8237
4.0522
4.0791
3.9504
4.0033
3.9165
4.0602
4.0382
2.8963
3.1257
3.0628
3.3291
1.2137
0.9564
1.1908
1.1579
1.1808
1.4162
1.4581
1.6147
1.7154
1.9029
2.1425
2.4285
2.3298
2.3417
2.6259
2.8703
3.1037
3.347
3.5515
3.3999
3.2812
3.3161
3.2563
3.361
3.4109
2.6948
2.9581
3.1446
2.7167
2.6529
2.9461
3.1266
1.7184
2.245
1.8012
2.0416
1.8321
1.4461
1.5439
1.482
1.7902
2.0196
2.0894
2.5721
2.2011
2.4026
2.5133
2.599
2.8683
3.1436
3.4129
3.6612
3.1855
3.5306
3.0947
3.1217
3.6921
3.7639
4.1409
4.1668
4.6745
4.493
3.5336
3.6213
3.7619
4.1579
4.2417
4.4222
4.6815
4.2536
4.1389
4.6675
4.9538
5.0645
4.8231
4.0143
4.1748
3.5814
3.8577
3.9674
4.0482
4.2167
4.3394
4.5079
3.9963
3.9973
3.0558
2.998
3.0589
1.9039
1.8561
1.8999
1.9537
1.6815
1.7034
1.6955
0.4737
0.5027
0.7111
0.9894
0.7391
0.74
0.9644
1.1439
1.2407
1.2177
1.1559
1.4123
1.6775
1.6555
1.6696
1.6636
1.7134
1.9059
2.1722
2.2929
2.6739
2.8254
2.3397
2.4046
2.647
2.8553
3.0827
3.1446
3.3471
3.0688
3.1586
3.2741
3.4827
3.7201
3.7181
3.9893
3.9475
3.8318
4.0053
3.9285
3.9594
3.0299
3.0259
3.2623
3.2623
3.2693
3.366
3.5286
3.5296
3.8098
3.77
4.0213
4.2167
4.4282
4.7164
4.6356
4.6984
3.5535
3.7071
3.8158
4.0342
3.0648
3.2623
3.2612
3.2414
3.2992
3.5186
3.7749
3.6373
3.9155
3.1496
3.369
3.5824
3.6712
3.6383
3.6034
3.8218
3.8297
3.2204
3.358
3.5894
3.5071
3.5146
3.8607
3.9658
4.0751
4.2456
849.1274883747101
