0.2503
0.5027
0.735
1.5498
1.2168
1.2337
1.1579
1.1848
1.1848
1.3025
1.2517
1.2606
1.1998
1.1978
1.2028
1.1759
1.1838
1.1589
1.1838
1.1759
1.1519
1.1918
1.1789
1.1848
1.1988
0.2653
0.4478
0.6932
0.9345
0.9105
0.9495
0.9256
1.1809
1.4561
1.6536
1.859
1.8899
1.865
1.8491
1.8371
1.899
2.1592
2.3507
2.4036
2.639
2.6509
2.5622
2.5931
2.611
2.6728
2.9154
3.1665
2.2091
2.3966
2.3866
2.601
1.7025
1.6516
1.6256
1.7055
1.9189
2.1542
2.3258
2.3856
2.5739
2.3218
2.3976
2.1503
2.3577
2.3059
2.3667
2.3437
2.6958
2.8564
2.8913
2.6519
2.8225
2.7885
2.7746
2.5432
2.5741
1.9299
2.1502
2.3198
2.3587
2.3726
2.3388
2.5851
1.9508
1.9338
1.9538
1.9129
1.6805
1.1998
1.1499
1.1888
1.4322
1.4042
1.4302
1.3963
1.1958
1.4192
1.6506
1.4072
1.6207
1.6885
1.6366
1.6516
1.6775
1.883
2.1423
2.3717
2.4056
2.6799
2.622
2.8394
2.9052
2.8155
2.3128
2.6061
2.8564
2.7906
2.8554
2.9541
3.0818
2.8305
2.8005
3.1206
3.2324
3.3141
3.6083
2.8584
2.9282
2.4235
2.5861
2.5123
2.5811
2.8394
2.7446
2.8504
2.8265
3.1136
2.3497
2.2979
2.2929
1.6107
1.6276
1.879
1.8431
1.8949
1.8211
1.879
1.3943
1.7144
1.8401
1.864
1.6506
1.9318
2.0595
2.0745
2.3188
2.3827
2.5951
2.8105
2.7376
2.7785
2.7117
2.8683
2.5113
2.5831
2.5841
2.8414
3.0498
3.0289
2.3228
2.611
2.5123
2.5572
2.5322
2.5502
2.8015
2.2949
2.2719
2.3058
2.3238
2.593
2.5173
2.8514
2.986
2.607
2.5212
2.7187
2.8115
2.3288
2.3667
2.5562
2.5951
2.8134
2.8773
3.01
3.0578
3.2912
3.6203
3.6751
3.754
4.0272
4.2128
4.3893
4.7593
4.2507
4.4551
4.8271
4.9518
4.2835
4.1589
4.1918
4.1489
4.4142
4.4202
4.6606
4.3823
4.4142
3.5336
3.8148
3.8108
3.9664
3.9893
4.2018
4.476
4.6336
3.1536
3.2892
3.2035
3.2752
3.2214
3.2982
3.5785
3.8377
3.9993
757.3003578186035
