0.2424
0.4837
0.73
1.0232
1.2369
1.483
1.8799
1.9698
2.2081
2.4943
2.6908
2.7327
2.6589
2.6469
2.7147
2.598
2.6698
2.6708
2.7167
2.605
2.63
2.7057
2.6808
2.5991
2.6459
2.6689
2.7147
2.6091
2.7157
2.635
2.6459
2.7168
2.6599
2.7048
2.7008
2.6778
2.5971
2.6629
2.7646
2.635
2.6928
2.7217
2.612
2.6719
2.633
2.6948
2.621
2.6819
2.6748
2.624
2.6978
2.7486
2.649
2.6609
2.7357
2.629
2.6918
2.7247
2.6888
2.6499
2.62
2.7118
2.6639
2.6679
2.6589
2.7277
2.63
2.625
2.6669
2.6839
2.6689
2.6489
2.6789
2.595
2.602
2.621
2.7038
2.6539
2.6868
2.6749
2.6858
2.7197
2.6858
2.6509
2.6998
2.6988
2.6709
2.7038
2.616
2.6061
2.7287
2.639
2.6838
2.6379
2.604
2.5601
2.624
2.615
2.6509
2.602
2.725
2.6579
2.7197
2.629
2.6529
2.6798
2.7048
2.6589
2.62
2.6788
2.6669
2.618
2.6639
2.7227
2.633
2.6569
2.622
2.7007
2.7098
2.7766
2.6988
2.7007
2.6878
2.6858
2.611
2.6998
2.6848
2.614
2.7218
2.6509
2.639
2.7656
2.6948
2.62
2.7367
2.5941
2.644
2.7098
2.6868
2.5971
2.7048
2.6379
2.7138
2.5871
2.7457
2.5372
2.6972
2.7018
2.5841
2.5651
2.6968
2.6031
2.6549
2.635
2.619
2.7417
2.6928
2.6908
2.6449
2.5801
2.6968
2.6419
2.6559
2.6699
2.599
2.6609
2.617
2.7277
2.613
2.5961
2.619
2.5183
2.5432
2.6389
2.6798
2.6579
2.6489
2.5781
2.601
2.598
2.6739
2.5581
2.631
2.7427
2.609
2.6878
2.631
2.6928
2.5492
2.5671
2.631
2.645
2.5322
2.6459
2.607
2.6101
2.5692
2.6659
721.9218597412109
