0.5134
1.0791
1.5219
2.2011
2.5063
3.2932
3.6871
4.2247
4.499
5.1073
5.7407
5.997
6.8307
7.1868
7.7652
8.2629
8.7655
9.4896
9.705
10.2755
10.831
11.2928
11.6937
12.4946
12.2802
12.9963
13.4889
13.7961
15.2951
15.6671
15.5664
16.2107
16.2196
16.7971
17.6817
17.7336
18.4686
18.7888
18.5773
17.8493
17.8573
17.8233
18.0731
18.4198
18.3609
18.1156
18.1924
18.5674
18.2443
18.4138
17.8728
17.5283
18.5493
18.0388
18.4847
18.1844
18.0756
18.6063
18.4068
18.3998
18.2981
18.405
18.5195
19.0261
18.8795
18.1545
18.3071
18.6442
18.1216
18.4169
17.9839
18.6761
18.317
18.2582
18.1196
18.4806
18.5873
18.4846
18.326
18.3091
18.1844
18.4607
18.1096
18.323
18.1575
18.316
17.973
18.2981
18.0936
18.32
18.4726
17.954
18.2066
18.4218
18.341
18.2843
18.2732
18.2223
18.4437
18.0258
18.2193
18.0507
18.2362
18.711
17.6969
17.9431
17.4683
18.6937
18.3881
18.3081
17.8133
18.2413
18.1325
18.685
18.5195
17.7887
18.2642
18.1245
18.0936
18.1614
18.4108
18.0966
18.2632
18.5135
17.9999
18.344
18.7381
18.1585
18.5624
18.2592
18.0458
18.2362
18.3659
18.5354
18.4995
17.9482
17.9945
18.0887
17.8586
18.5724
18.0378
17.947
18.6192
18.3609
18.0039
18.6851
18.0528
17.9809
18.5315
18.1096
18.3958
18.3918
18.1984
18.2991
18.0956
18.1914
18.4058
2799.4465227127075
