0.5086
1.0761
1.5847
2.1393
2.5482
3.0608
3.8587
4.3125
4.5149
5.0295
5.5003
6.4906
6.703
7.1528
7.5618
8.237
8.8762
9.4432
9.5036
10.0377
10.6785
10.8719
12.0797
13.1349
12.9556
13.5471
14.0205
14.3716
15.0528
15.2504
15.6492
16.0093
16.6116
16.864
18.1515
18.1315
18.5744
19.516
19.9906
20.6707
21.1116
21.1955
21.9396
22.6544
22.9117
23.6996
23.6867
24.4067
24.6601
25.05
25.0939
25.9466
26.6338
26.4064
27.0567
27.6172
27.8466
28.4172
29.1431
29.909
30.1773
30.285
30.7857
30.6122
30.7049
30.7528
30.6321
30.8117
30.7568
30.7069
30.6062
30.8465
30.9802
30.9203
30.9933
31.5297
31.3921
31.3572
31.9526
30.5035
31.0002
30.6241
30.9104
31.3791
30.742
31.6394
30.9555
30.6653
31.7732
31.4379
31.3793
31.7182
30.8946
30.4984
31.0949
31.0789
30.8836
31.6773
31.5347
31.5616
31.2764
31.5497
31.0402
31.3923
31.8249
31.3881
30.7099
30.9881
30.7508
30.3938
31.4773
31.9057
31.8678
31.399
31.2953
31.8968
31.6035
31.3282
31.6554
31.5731
31.8488
31.484
31.0021
31.6775
30.8854
30.9124
30.6451
30.5334
31.0353
31.5846
31.7033
31.5606
31.4958
31.4749
31.1996
31.7574
31.0542
31.5038
31.5527
30.8166
31.4509
30.9992
31.5417
31.4958
31.6903
31.5237
31.417
31.437
31.1946
31.5546
31.7372
31.438
31.5867
31.2983
31.8119
31.6175
31.1657
31.5925
31.7123
31.7101
31.5058
31.3791
32.0197
31.4242
31.814
31.8658
31.3841
30.7777
31.0889
30.6102
31.0213
31.5467
31.6913
31.407
31.5078
31.7403
31.4132
31.3253
31.6135
31.5307
31.3572
31.6494
31.5637
31.805
30.8555
31.1986
30.689
30.8587
31.6095
31.5935
31.5689
30.5965
31.2925
31.4429
31.6377
31.4559
30.4386
30.745
31.0599
31.3452
31.1418
30.8755
31.316
31.4449
31.659
31.5108
31.3811
31.3153
31.3482
31.6673
31.424
31.3674
30.5713
30.7618
31.0452
31.2257
31.0211
30.6371
30.8625
31.0353
31.1348
30.8346
31.6205
30.9166
31.2026
31.3911
31.6375
31.1557
31.043
31.3143
31.2704
31.3614
31.3452
31.4739
31.6055
31.7062
31.2457
31.2397
31.7092
31.3322
31.9207
31.6115
31.5566
31.2704
31.5267
31.1847
32.1341
31.6863
31.3662
31.0193
30.5763
30.7598
30.6151
30.8328
31.4429
30.5014
31.3015
31.3223
31.3801
31.5167
32.2906
31.0621
31.0869
30.6541
31.058
30.8107
30.5175
31.0201
31.484
31.4938
30.9814
30.8675
30.3529
30.5374
31.3115
32.1122
30.671
30.5346
31.9496
31.8199
31.2886
31.436
31.3881
31.6095
31.7656
31.4471
30.8727
31.1128
31.4001
31.4429
31.3532
30.8685
31.1637
31.2237
31.6474
31.7322
31.3452
30.9036
30.434
30.9843
31.08
31.2046
31.0958
31.4609
31.2066
31.0171
31.115
30.7997
30.809
30.4127
30.9902
31.6487
31.2535
30.8815
30.9722
30.8705
31.1148
30.8366
30.5114
30.8946
31.3542
31.6305
31.3572
30.5126
30.7269
31.1838
31.6356
31.6365
31.7222
31.3412
31.5836
31.3193
31.2656
31.637
31.5647
31.3881
30.5671
30.4227
30.8216
30.3359
31.1549
31.6053
31.3033
31.6446
30.7937
31.1399
31.5038
30.9105
30.8665
31.1184
30.7839
32.0104
31.3432
30.5314
30.7099
31.1423
30.8815
30.7997
30.8776
31.2634
31.3083
31.6773
31.3563
30.4905
30.679
30.8615
30.7787
30.9327
30.5683
11241.364348888397
