times
4.0712
6.7908
10.089
13.3535
16.1538
19.4051
22.9008
26.777
26.2365
26.0005
31.3671
27.6042
26.2209
28.7453
26.5709
25.9415
25.2565
25.546
25.3718
24.8526
24.8971
25.6001
24.987
25.6341
26.7046
26.4433
26.1043
25.9612
28.041
26.5873
25.9868
26.1393
26.0524
26.481
25.8351
25.0022
25.2355
25.0401
25.0549
25.1009
28.3813
25.4788
26.3527
25.3962
25.6598
27.0226
25.8134
26.3543
26.4611
27.4284
25.4362
26.5283
25.8083
25.7433
25.6857
27.3372
25.8722
26.2959
27.3701
25.897
26.1428
25.7312
25.9578
25.7372
4.0902
6.8776
9.8193
13.4339
13.0631
13.8047
16.5817
16.6555
16.3582
19.6361
24.0169
26.0804
26.1461
25.7465
26.2718
28.6136
33.4246
35.0094
37.6978
38.4672
39.4637
42.2457
41.4274
44.1575
45.7776
47.0607
51.5465
52.7404
53.2835
57.7147
59.0365
58.9069
60.2866
59.1997
60.1936
61.4151
64.2707
65.6127
66.4356
69.8055
73.3566
78.0208
74.0604
74.4996
78.7644
79.5748
88.1456
88.797
90.3769
90.4773
95.4981
104.6178
79.3934
81.2725
81.8304
85.4996
88.3351
89.3334
81.8252
82.645
83.1368
84.5988
71.2547
72.2687
76.5919
80.4873
74.9457
76.7259
77.7809
80.773
80.0132
79.0344
82.7404
82.0261
82.6261
85.1979
86.4895
86.1757
85.7505
88.0536
92.6134
95.7246
96.2488
89.7436
89.1603
92.7762
90.9448
95.2636
89.1575
89.3504
88.0408
91.1058
90.555
84.7802
85.6793
87.0873
87.0828
86.7206
85.9434
87.1243
88.1008
87.0571
87.6929
88.6804
92.2
91.1114
94.272
97.2465
83.7278
85.7023
85.0067
91.285
90.7733
91.415
92.2265
95.4899
91.5968
94.4475
96.3058
91.8161
91.7792
92.8878
95.4058
94.4697
96.7629
90.9139
93.2017
97.5495
97.1882
99.9719
103.9138
97.1734
98.8111
91.3379
90.7555
92.5252
95.1499
97.8114
95.9007
99.9085
105.3828
100.9254
104.5836
108.8776
105.5866
109.8368
107.7151
106.0094
105.4579
102.8478
104.3462
100.6136
100.5255
102.9037
107.1982
97.0883
94.3051
99.1516
100.2151
102.8902
106.3429
104.5547
107.8603
103.3505
101.6972
101.8506
100.0424
99.8175
92.6228
94.9486
97.4607
96.3717
96.8164
98.7136
100.8748
97.5802
85.9481
85.3782
85.1495
90.3017
93.0931
95.5012
94.3701
94.9432
99.2068
101.2956
102.5516
105.1509
97.6502
99.4272
98.783
89.3565
91.5942
94.3755
93.6819
99.524
100.7716
94.6739
98.8563
99.3874
95.3347
92.7728
93.0917
92.3591
93.1622
94.7126
75.4137
80.1387
79.6401
84.7385
87.1865
82.206
89.9624
88.8495
92.058
97.4379
89.1881
86.175
89.7709
89.0809
91.5523
97.6493
97.5025
109.766
102.5665
103.097
102.8961
103.8599
95.1727
94.3493
97.8437
99.7669
100.9453
105.9445
108.5155
96.4988
94.9063
91.7634
91.9419
93.3849
92.5521
91.8821
93.6427
96.1885
86.7126
85.326
87.002
87.2768
86.6421
85.5343
85.6563
88.9379
85.1923
86.3461
90.6325
85.0549
86.589
87.0956
84.9219
85.9181
73.0305
72.5911
74.003
75.1676
78.3965
80.2955
81.3346
77.4496
80.5891
79.7987
83.1138
68.9435
68.3683
60.5388
65.2157
66.4852
49.2475
51.2732
50.8247
52.359
55.4718
58.9504
61.6813
63.9281
67.1633
66.6977
61.8781
64.7242
65.7143
66.0614
69.1162
69.27
69.4932
73.2524
72.43
70.5743
69.6329
70.0617
72.5103
74.7544
70.8755
74.4001
76.1568
75.9821
78.0394
71.2585
74.5538
78.3072
79.0868
84.3961
79.0424
78.1814
83.9287
80.848
78.5463
79.0147
78.7317
79.4191
70.066
68.054
68.5216
69.2986
67.9128
56.6049
56.7182
55.2525
50.8359
50.197
40.5794
41.6597
45.5028
49.2221
52.0574
51.6153
51.8536
44.9401
43.4564
46.9756
49.7311
47.0139
47.5754
46.8331
37.4334
40.872
42.3631
45.7686
39.6756
41.2987
45.7033
41.5444
45.3814
47.6411
46.9862
48.1581
49.0168
50.648
53.5671
54.8192
55.517
56.3036
58.2379
58.9729
62.9459
66.2491
69.3559
69.3955
68.4499
70.1608
73.25
74.7672
79.2718
80.8083
81.9232
83.9485
85.3239
87.8951
91.0728
91.5222
93.8909
99.4238
98.0926
102.6886
105.7994
109.1764
109.2924
102.2017
102.5392
102.0006
110.6446
104.5029
104.6599
104.1377
105.8673
97.0116
95.4
97.4077
99.8303
100.0082
98.0056
92.8859
90.3652
91.8919
93.081
94.7034
98.1023
101.8874
99.1937
102.8164
102.0126
98.6988
102.899
103.2609
105.9046
107.8514
108.26
110.8963
95.5333
99.258
88.0726
87.4067
86.4654
86.7481
90.6717
91.9322
92.4898
98.2773
101.0576
101.2155
103.0127
79.4957
78.0897
77.8419
71.5088
72.2419
74.0871
76.1464
78.3098
79.0501
79.7144
81.5968
83.005
81.0015
79.2485
78.6818
78.1825
53605.8780772686
