0.4557
1.0332
1.498
1.9757
2.4125
3.0927
3.4927
3.9295
4.489
5.0704
5.5053
5.9631
6.4079
7.0312
7.462
7.9737
8.5462
9.0328
9.4417
10.0162
10.5448
10.9839
11.4394
11.9341
12.5854
12.9165
13.5488
13.8471
14.6229
14.9709
15.3879
16.0331
16.3263
16.7552
17.5355
17.9321
18.4986
18.8608
19.462
20.0196
20.3007
20.8333
21.308
21.8934
22.3662
22.7841
23.1072
23.8353
24.1165
24.9303
25.3218
26.5221
26.1232
27.1913
27.3552
27.8595
28.2734
28.817
29.3835
29.7824
30.4129
30.9602
31.3601
31.6059
31.7401
32.0027
32.2338
31.8439
32.171
32.7405
33.103
33.7298
33.4565
34.1627
34.4838
35.1915
35.6018
36.3211
36.6301
37.3771
38.0047
38.8153
38.524
39.3009
39.7118
39.7764
40.9079
40.3112
41.0054
41.6627
42.6883
42.277
42.5882
43.387
43.9289
44.0511
44.1756
44.8604
45.4286
45.8155
45.1712
46.6598
46.7391
46.1137
47.3209
47.4691
48.315
48.7547
51.4603
49.6472
50.6008
48.6579
50.1589
49.747
49.6762
50.2377
50.5927
50.5219
50.8451
50.5034
51.4336
51.9034
51.6649
52.8158
53.3758
53.7233
53.6428
53.6964
54.406
54.7278
54.9361
55.1845
56.3085
55.5046
54.4146
55.9395
55.5658
56.846
56.8813
55.6505
56.5459
55.9435
56.6934
57.2761
58.045
57.6262
57.0116
57.5207
56.3448
57.982
59.4923
58.0847
57.251
59.8789
61.7549
63.979
63.1532
60.1276
59.3833
58.6263
59.9998
60.4674
60.5493
60.1811
60.5304
61.6273
61.8337
61.3271
61.0937
62.0584
60.9388
61.6581
60.6628
61.6043
62.0872
62.5837
62.5184
62.0441
61.2014
62.0102
62.1179
63.1937
62.9998
63.0217
62.8892
62.471
63.8633
63.4753
62.9148
64.787
63.3532
64.8582
65.6395
65.5607
64.8307
66.1252
66.6809
65.6659
64.706
65.3712
9244.204009532928
