0.4548
1.0373
1.4192
1.9787
2.4455
2.9032
3.4408
3.8946
4.3992
4.9597
5.6479
5.7919
6.6349
6.9444
7.7862
8.3487
8.227
8.6179
9.1924
9.7399
10.0771
10.467
11.2878
11.4956
12.1735
12.4058
12.9434
13.6525
13.831
14.7146
14.9012
15.693
15.8177
16.469
16.7871
17.4347
17.9759
18.5624
18.6671
19.6066
20.3236
22.1957
22.0451
21.3031
21.7058
22.2984
22.5816
23.1042
23.3715
24.1834
24.4017
25.2235
25.3923
26.18
26.2518
26.7106
26.8821
27.297
27.8884
28.1896
28.5148
29.2468
29.536
30.2284
30.8585
31.5632
31.5796
31.7351
32.1222
31.8259
32.7399
33.299
32.9631
33.7538
34.409
34.4948
35.172
35.3814
36.3532
37.1347
37.0297
37.3714
38.3046
38.2916
39.1055
39.0287
40.1566
39.637
40.5828
40.6054
41.1978
41.6656
42.1762
43.9864
44.2836
42.8365
48.1301
48.6106
46.4635
46.5924
47.6971
47.6387
47.491
46.1077
48.0127
48.1054
47.6386
50.0432
37.4339
38.3495
37.9715
39.3618
39.3209
39.9322
40.3272
40.7969
41.9642
42.7238
42.7477
43.2634
43.2713
45.1613
45.9472
46.4977
31.2295
31.8538
33.1394
33.0636
33.5393
35.2867
34.803
34.0241
35.2049
36.0247
36.1304
37.4892
37.4489
38.3595
38.9239
37.8412
40.1796
40.6413
40.6693
40.0848
42.3358
42.8235
42.4196
43.3152
35.8721
36.1294
36.3688
34.7301
35.4153
35.8192
36.2807
37.1547
38.7624
40.4478
40.2255
40.0081
40.5057
40.787
42.0805
42.8177
42.2121
42.4864
42.9046
44.9977
45.1124
46.2703
37.7371
38.0648
38.5237
37.9829
38.2388
38.8292
38.4831
38.1072
39.9093
37.7552
38.554
39.8016
40.8309
42.4954
40.1008
40.3721
41.5759
41.4911
40.419
41.8053
42.4914
42.5124
43.6723
43.6254
43.753
44.8281
45.1583
44.7454
38.8651
39.6101
39.8225
39.8265
40.6822
40.8777
40.8328
41.6287
41.0822
42.7926
42.8704
44.889
44.4113
44.6387
37.8668
38.4362
38.5669
39.1793
39.3308
39.8864
40.025
40.6104
41.0635
41.0602
42.0207
41.8631
43.0786
45.1104
46.9026
46.0915
46.2935
46.3402
35.6447
35.7953
35.1121
37.1397
35.2627
35.3505
36.5812
39.0855
38.6716
38.8202
40.0
39.9043
40.1975
41.4083
42.1025
42.1007
43.3282
43.3884
41.8461
43.3433
34.3153
35.0553
36.0576
35.8322
35.8422
36.645
38.1101
40.032
38.2069
38.0143
39.4715
39.5395
40.078
41.9438
41.4264
39.5293
40.4242
41.7628
43.3102
43.4359
32.3974
33.3897
34.3302
34.9147
33.289
33.6291
34.036
34.3981
35.515
35.5719
36.0316
37.1048
37.3781
37.6056
37.7311
39.2109
40.5496
40.0828
40.7142
35.4502
35.544
36.3119
35.232
34.9216
34.9595
35.2607
39.3081
36.4785
35.8631
36.8626
36.3847
37.8768
38.6956
38.6926
37.4143
37.1238
36.7847
40.5287
32.7804
33.6873
34.8688
32.8712
33.0855
33.9973
36.0117
36.0835
35.907
37.0679
36.8984
38.5658
38.3425
36.8674
29.4912
27.6598
28.5746
28.6015
29.814
31.4928
30.7558
30.9174
30.8884
30.9164
32.2897
32.4393
33.288
33.666
33.9004
35.1251
33.0879
32.7275
33.0337
33.1863
34.1517
34.0173
27.8695
26.9369
27.3319
27.0856
27.5005
28.3173
28.1068
29.2348
29.1691
30.0148
30.3429
31.851
32.551
32.562
33.4627
32.3615
33.0287
33.6091
34.2803
34.6444
35.3209
37.471
35.4083
26.8791
26.7505
26.8134
28.4826
27.6981
26.6318
27.1763
26.8183
26.6298
28.4801
28.8319
28.2984
28.5387
28.3582
27.9473
28.3961
28.8369
27.303
28.4639
27.7598
28.1408
24.1414
23.3466
23.7954
24.0028
23.6239
23.8712
24.0188
23.5032
24.6152
23.9375
22.3153
22.7113
22.3103
22.426
22.5886
22.3403
22.2665
22.3771
22.463
22.7043
22.4789
23.5223
23.8214
24.4446
23.5032
24.0451
18.1392
17.967
17.6648
17.8992
18.0667
18.1036
17.0295
18.0637
18.3419
17.6977
17.192
16.7124
18.0896
18.0228
17.3586
17.3521
17.4174
10.1528
10.0142
9.9454
10.0581
10.7672
9.8945
10.7632
10.9078
10.2337
10.4062
9.9574
9.8965
10.3194
10.4909
10.7842
10.5957
10.8879
10.872
10.6934
10.6695
10.5568
10.2685
10.5738
10.9597
10.4361
10.4082
10.4471
10.5398
0.5246
0.9963
1.5698
1.9917
2.615
3.0139
3.4418
4.0292
4.3035
5.22
5.8444
5.7426
6.9145
6.9564
7.9058
7.6934
8.5681
9.1146
9.8287
10.1568
10.9427
11.0165
12.1336
12.3091
13.2655
13.6654
14.0724
13.9457
14.5541
15.0627
15.4357
16.0651
16.7432
16.6624
17.204
17.7585
18.3719
18.3938
18.71
19.5856
19.5398
20.191
21.6023
21.0627
21.9015
22.0371
23.2658
23.4443
23.562
24.0966
24.2312
24.694
25.9756
26.2438
26.8921
27.4436
28.0819
28.2983
28.9256
29.0862
29.9549
29.3685
30.8226
30.8924
31.1976
31.1836
30.5493
30.9573
30.5424
30.8755
31.9228
31.1379
30.7478
30.3728
30.9443
31.7442
31.9905
31.8418
32.3615
33.3658
33.6331
32.2937
31.4489
31.9795
31.6544
32.0444
31.7561
32.251
31.0161
30.9951
31.6365
31.0769
31.5557
31.3304
32.3196
32.6018
31.9166
33.0118
32.8631
32.1062
31.6654
32.4183
31.9596
32.2448
31.0093
30.7039
30.7159
20.3805
20.3954
21.0717
21.349
22.2266
22.2385
22.9417
23.5461
23.9869
24.2781
25.1647
25.3333
26.2917
26.0005
27.2761
27.5893
28.7324
29.6739
29.4742
29.1772
30.4486
30.9695
31.3403
32.6328
31.6863
23.0803
24.0028
23.7844
24.6122
23.8443
24.6989
24.8925
25.4101
26.3077
25.808
26.4303
27.1574
27.4626
26.9828
27.7141
17.0167
16.474
16.7662
16.9617
16.5737
16.5508
16.8699
16.4829
16.6854
16.7422
16.6236
17.0395
16.82
17.1543
17.6418
17.4802
17.968
17.2169
20007.407163619995
