5.0419
6.7645
10.086
13.6577
16.1668
19.447
23.3256
26.5558
25.6619
25.8718
26.3568
28.0642
26.7894
26.3386
30.0279
28.2479
28.2833
28.8979
28.1013
28.4365
28.631
29.1596
30.0185
28.7073
29.527
28.0497
27.731
28.3683
27.7317
28.949
28.2238
28.4772
28.1083
28.4766
28.4344
28.6453
28.4793
28.6126
29.2524
28.7593
29.28
27.9025
28.2159
28.6515
28.2694
29.6023
28.2901
27.855
28.082
29.0261
28.9256
28.1124
28.3957
28.5878
28.1009
29.0261
27.929
28.2725
30.3338
28.4646
28.2598
28.1081
28.3935
28.4199
3.5946
8.1116
10.9401
13.9444
14.435
14.5011
17.961
17.4236
17.5022
21.8792
25.9392
28.1076
27.7105
27.503
28.6206
31.9136
35.2369
37.9237
39.7587
41.9502
42.2427
45.35
45.9803
48.1881
49.0214
53.8803
56.2339
54.9841
58.7123
64.7204
66.2026
65.8266
66.7057
65.0852
67.7624
67.1437
69.3471
72.8294
74.0256
73.7179
77.6858
82.6337
79.72
80.7438
85.6941
89.6857
93.9699
94.7417
99.4584
99.4858
99.5936
104.7913
87.3898
86.6063
92.0112
93.8779
96.6829
98.6524
89.1794
90.2094
91.9833
87.2088
81.1617
82.9583
85.2234
86.9842
84.2311
82.7788
84.1533
83.4461
87.719
89.1106
90.2729
90.7154
91.8379
95.4414
96.2873
94.8595
97.0831
97.6949
102.0046
106.3916
104.4465
99.3893
100.0418
101.0129
101.1158
105.0231
97.863
95.8461
97.416
90.6485
90.8834
85.9368
85.8222
88.5118
88.6267
87.8057
87.7397
88.4796
84.3765
86.6024
88.9661
87.1542
90.7624
90.8723
95.2643
99.142
83.7511
82.7688
83.8948
87.7843
90.2675
92.3621
92.0529
90.6441
91.6447
91.0487
95.5284
89.2106
90.0792
90.52
92.854
94.0748
94.5011
89.8219
92.5765
94.24
100.1312
100.9294
102.5814
96.9977
100.3085
88.7242
93.6846
92.2383
94.6322
97.4346
96.2906
97.1741
98.6291
98.3523
99.9329
103.4946
107.6801
106.9254
106.708
107.3692
99.6342
102.9842
106.2242
101.1655
99.4393
104.3158
104.7758
92.9416
94.6914
99.9523
101.0961
101.3794
106.8682
105.585
107.5669
99.5189
100.8885
98.6776
99.6879
101.2414
93.7444
93.2033
97.9392
98.3781
96.4857
98.2885
103.2549
97.188
82.1614
86.6812
89.7612
93.4004
95.6758
95.0839
93.4007
95.2163
98.2458
100.8384
104.7259
105.0116
96.2708
98.1945
98.6763
88.6408
91.7489
94.4171
94.788
99.1863
100.499
101.7919
96.6898
97.5481
94.1693
93.7067
93.4163
95.7869
94.5884
93.515
77.6276
77.6426
78.3587
82.1313
83.1248
86.0625
88.7666
87.9083
92.3901
96.0981
85.2612
86.9258
87.0946
87.9074
91.0487
94.6392
97.0579
100.9843
102.2435
103.9066
105.0985
107.5712
94.9657
96.1531
98.873
99.2307
103.4571
105.7225
107.26
95.104
94.2917
92.3557
92.4194
94.0895
94.6249
94.8696
95.0905
96.639
85.9226
84.4602
85.6225
89.1475
86.5556
84.4031
84.3887
85.7601
85.9604
84.4064
87.535
85.4945
85.0067
84.6386
85.4771
83.7913
73.9839
72.5486
72.1763
74.3632
75.7892
79.0518
80.9665
73.6905
74.4688
75.0311
79.2413
69.2799
68.8582
61.9982
63.3372
66.397
47.5509
50.9638
50.1918
51.1901
53.6965
58.9866
60.0381
64.2273
67.8284
69.9386
60.7589
65.4449
64.0787
66.3089
65.663
68.0355
71.436
72.2151
71.4959
70.1456
68.3363
70.8606
74.1692
75.8851
70.545
73.0437
75.919
76.2432
77.9616
71.2834
73.8903
75.929
78.4305
77.1248
80.1153
78.8664
81.4772
76.4259
76.9753
77.5128
75.3586
75.3815
67.7529
66.1358
67.1749
65.3365
66.4126
54.5305
53.8341
54.3926
48.6291
47.3674
38.9383
39.2772
42.1364
44.6622
46.9098
47.4342
48.3029
42.3897
42.1184
40.9635
41.6548
40.6653
41.7833
41.6466
32.6996
35.1817
39.9163
41.2936
35.7197
37.6667
41.4679
38.5724
40.4798
43.7331
43.9554
44.1959
43.8976
46.6323
48.4506
52.1054
52.7475
53.5632
55.9873
56.4633
59.7942
63.4157
64.7768
67.8558
65.5089
65.1816
69.8856
73.8187
74.9337
77.43
77.3847
80.5817
82.6131
83.9307
86.02
88.4118
92.5695
93.6947
98.787
97.4231
101.4821
104.5681
105.2726
96.8265
96.7397
100.1989
102.49
100.6745
99.2368
100.3484
100.6848
89.2701
92.7154
94.5076
95.5184
94.8515
94.601
86.5618
87.6713
88.9227
90.9648
91.6614
96.6908
100.6271
101.0939
100.9112
99.054
98.7295
103.5352
105.5844
108.2874
108.3733
109.9021
111.2073
98.8687
97.8336
88.9996
87.925
87.8947
89.7861
89.7184
93.0294
95.5475
99.6964
103.0046
102.217
102.4098
79.3135
78.4444
78.4894
73.2203
74.4083
75.8652
77.0744
79.1384
79.5787
81.9492
82.4853
85.2402
85.5786
79.1165
78.3017
77.6996
53253.102800130844
