0.4733
1.0213
1.489
1.9787
2.4594
2.9661
3.4378
3.9597
4.4381
4.923
5.5252
5.9182
6.4268
7.0601
7.3583
8.1163
8.4135
9.0029
9.5744
10.0152
10.7054
11.1302
11.4673
12.0567
12.6861
12.9474
13.5906
13.8639
14.4224
14.938
15.1963
15.8725
16.466
16.926
17.606
18.0876
18.2945
18.7957
19.2176
19.9227
20.4763
20.6637
21.294
21.6122
22.5727
22.6355
23.4269
23.8077
23.9669
25.0002
25.0371
25.798
26.1751
26.8432
27.1953
27.5723
28.5008
28.6125
29.1311
29.7415
30.1165
31.019
30.9483
31.9785
31.2479
31.7332
32.164
32.0543
32.2547
32.6627
33.2673
33.834
33.6082
34.022
35.0294
35.1789
36.0346
35.9499
36.8789
37.0888
37.8239
38.6488
39.0077
39.2413
39.9983
40.0322
40.3671
40.1121
42.0197
41.6726
42.1315
42.1932
42.1623
43.0698
43.5496
43.1227
43.3376
44.8611
44.7583
45.8784
44.9398
45.5512
46.4757
46.0359
46.9595
47.176
48.641
48.3467
49.35
49.1197
49.764
48.3398
49.2454
48.9312
49.8398
50.1958
50.567
50.3793
50.7763
50.1459
51.4525
51.5654
52.4049
52.4707
52.9867
53.482
53.9669
53.8829
54.2879
54.3138
54.1446
55.2166
55.4091
55.8567
53.7423
55.8786
55.9685
55.8268
56.3214
54.6641
56.7523
54.8494
56.8024
57.6052
57.4365
57.3898
55.9846
57.3826
56.0222
57.3157
57.9473
58.2615
56.6835
58.3384
59.2357
58.5535
59.7762
59.7615
59.1898
58.2912
59.8071
60.617
60.7237
62.3036
65.3313
61.5445
61.7968
61.324
60.7735
61.8386
61.065
62.2247
60.5412
62.0464
61.8786
62.2795
63.3996
62.9968
61.1804
62.7602
61.4757
63.1684
62.6246
62.855
62.3872
62.2067
64.0667
64.0588
62.1874
64.0779
62.6585
64.8426
64.4756
65.8779
64.4088
66.3786
66.0255
64.705
64.9965
65.0067
9096.214265108109
