0.4626
1.0372
1.5758
2.0386
2.5851
3.2663
3.0189
2.8833
2.9013
2.8803
2.9671
2.8713
2.8623
2.8673
2.8564
3.1715
3.0808
2.9322
2.977
2.9541
2.9631
2.9142
2.8783
2.8384
2.9461
3.0269
2.8603
2.8743
2.9411
2.8664
3.0189
3.9334
3.1147
3.0747
3.0817
2.9063
2.8245
2.8235
2.8245
2.7886
2.9391
2.9171
2.8673
2.9691
2.9621
3.1276
3.0588
3.0987
3.0239
3.0319
2.9521
2.8584
2.8574
2.9412
2.7547
2.9381
2.9462
2.8414
2.8823
2.7846
2.8693
2.9274
2.8753
2.8743
2.8384
3.0469
2.7746
2.9541
2.8873
2.9032
3.0269
2.8903
2.9032
2.9282
2.8773
2.8903
2.8673
2.8384
2.9032
2.9122
3.0219
2.8534
2.8314
2.8694
2.8115
2.8633
2.9272
2.8135
2.9352
2.7886
2.8137
3.1596
2.9072
3.0588
2.8434
3.1955
2.9112
2.8115
3.0638
2.8075
3.0229
2.8623
3.0718
3.2852
3.0149
3.1207
3.0269
2.8226
3.1495
3.0039
3.1256
2.9721
2.9392
3.0501
2.7477
2.8374
2.8304
2.7666
2.8284
2.8663
3.0498
3.0668
3.0
3.0449
2.9402
3.1765
3.1246
3.0219
3.1207
2.7936
2.9651
3.0608
3.0469
2.981
3.1237
2.8703
2.8773
2.8184
2.9391
2.8793
2.976
2.8314
2.7277
2.8943
2.7606
2.8544
3.004
2.8893
2.8065
2.9322
2.8793
2.8514
2.7776
2.8324
2.8723
3.1147
2.8544
2.8913
2.8594
2.8364
3.0848
2.9392
2.7965
2.9561
2.8335
2.8464
2.8514
2.8803
2.7407
2.9541
3.0768
2.8573
2.8563
2.979
2.7786
2.9092
2.9631
2.8783
3.0099
3.1596
3.001
2.99
3.1167
2.9631
2.8833
3.1935
2.975
2.8364
3.0638
2.8304
3.0821
2.8175
2.7167
2.8633
2.7636
3.0738
2.9481
2.7985
2.8623
3.1915
961.5782115459442
