0.2354
0.5046
0.739
0.9953
1.3923
1.3903
1.2098
1.5439
1.2586
1.2886
1.2107
1.2258
1.2387
1.2796
1.2566
1.2536
1.2726
1.2087
1.3075
1.2906
1.2197
1.2397
1.2048
1.2387
1.2546
0.2822
0.4558
0.741
1.0083
0.9614
0.9764
0.9834
1.2646
1.5299
1.7025
1.9877
1.9578
2.0096
2.0275
2.0415
1.9827
2.2171
2.5412
2.4574
2.7975
2.7905
2.8334
2.7496
2.7915
2.8284
3.1167
3.2483
2.2819
2.4923
2.5322
2.7935
1.7786
1.7793
1.7244
1.7952
2.0645
2.2998
2.5013
2.5362
2.7337
2.5741
2.5542
2.3258
2.4874
2.4905
2.4874
2.4973
2.8574
3.0199
3.0838
2.8534
2.969
3.0209
3.0468
2.7936
2.8644
1.9628
2.2351
2.5173
2.5502
2.4644
2.4375
2.8035
1.9568
2.0505
1.9418
2.0186
1.7454
1.2577
1.1948
1.2556
1.4661
1.4551
1.4871
1.5
1.2736
1.519
1.7334
1.4661
1.7164
1.7673
1.7204
1.7663
1.7463
1.9328
2.3248
2.4874
2.5252
2.7806
2.7178
2.991
2.8783
2.9162
2.5761
2.6958
2.8694
2.981
2.984
3.1665
3.1895
2.9593
2.996
3.3522
3.422
3.4886
3.7969
3.0987
3.1864
2.5951
2.8653
2.6781
2.7447
3.0807
3.0309
3.0578
2.987
3.3441
2.5851
2.5123
2.5262
1.7044
1.7488
2.0186
1.9707
2.0665
2.0695
1.9747
1.511
1.7732
2.0156
1.9907
1.7922
2.1353
2.2609
2.225
2.5661
2.5203
2.7902
2.9422
2.9052
2.9072
2.8604
2.9452
2.6569
2.6848
2.7157
2.9112
3.1456
3.2055
2.4784
2.7347
2.608
2.7337
2.7157
2.7586
3.0519
2.4165
2.4565
2.4544
2.5113
2.7197
2.631
2.98
3.2553
2.7058
2.637
2.8743
2.9361
2.4155
2.4584
2.6858
2.7606
2.8962
2.968
3.1765
3.1905
3.4797
3.722
3.8148
3.9065
4.2457
4.4681
4.6825
4.9338
4.486
4.6356
4.9537
5.1652
4.3953
4.5927
4.3713
4.4551
4.5808
4.6815
4.9937
4.6984
4.8069
3.8567
4.2127
4.121
4.3135
4.3723
4.6196
4.8869
5.0954
3.5744
3.5525
3.5346
3.6074
3.5944
3.6163
3.8198
4.1459
4.2138
811.2930920124054
