0.4982
1.117
1.6576
2.1383
2.591
3.1755
3.7659
4.0194
4.4112
4.8999
5.3557
5.9042
6.385
6.8318
7.474
7.9478
8.3666
8.9152
9.3909
9.926
10.5528
10.9008
11.6439
11.9042
12.4896
12.8895
13.4271
13.9577
14.3486
14.8527
15.4906
16.071
16.7064
16.835
17.5511
18.1246
18.3699
19.1329
19.4195
19.8529
20.3565
20.8822
21.0797
21.7907
22.3113
22.6544
23.3349
23.8303
24.2023
24.5175
25.7551
26.3794
27.5844
26.5181
27.0995
27.7142
30.7389
29.0394
30.5109
31.2122
31.5586
32.9908
32.8544
33.0523
33.342
33.277
34.8373
33.5792
34.0375
35.1889
35.8843
36.1262
35.43
36.4459
37.2415
37.5133
37.2335
38.2603
39.2885
38.5961
39.8172
40.9125
41.145
41.8588
41.8352
41.4356
41.8895
42.132
43.4873
43.9712
44.6718
44.5422
43.1716
45.3451
46.4172
48.6123
50.2322
47.5689
46.2119
47.1759
46.9336
47.498
49.6593
52.0489
50.0424
50.2814
51.6671
50.5963
40.3946
42.2599
41.1761
42.0465
43.0898
42.5803
43.61
44.4186
45.7627
45.0756
45.7463
46.6283
46.9311
46.3499
44.8467
46.6459
32.9399
32.9068
34.511
34.3434
36.4007
35.2308
36.8268
35.4199
36.3748
36.8554
37.284
38.6312
38.4462
38.6727
39.039
40.018
42.2062
42.166
41.9034
44.146
43.7311
47.2843
43.1866
45.6759
36.6161
37.1067
37.403
39.3259
39.146
41.1401
42.8833
39.4698
40.7037
43.2125
39.9161
40.0373
40.6468
42.4653
43.4872
45.4594
43.3687
45.6948
45.4564
47.2203
45.6398
48.1254
38.4941
39.2067
37.6741
40.0225
39.4832
39.8562
40.1297
39.8405
40.4967
40.1695
40.794
39.9472
42.4695
42.5054
43.0905
43.9555
41.8841
42.2522
42.1104
42.8215
43.9189
46.0647
45.9412
46.0429
46.4925
44.905
48.1064
47.3873
44.1236
41.7333
42.6061
42.915
42.935
43.5097
44.3594
45.7746
45.7113
47.6244
48.6889
46.2661
48.9671
47.7847
39.0426
38.9229
39.1932
39.9013
39.8105
40.8915
42.5412
43.0619
43.386
43.2194
44.4183
44.6995
44.9798
45.4186
46.1676
46.0801
47.9458
47.6417
35.4372
35.527
36.7859
37.5546
37.9127
38.0021
38.0921
38.1922
37.3282
38.8652
39.7748
40.6822
41.6223
41.5848
42.0237
42.7603
43.6621
44.1789
45.0047
45.0832
35.0727
35.7536
35.9219
36.8058
36.0566
36.4525
37.9005
37.6
37.8536
37.4194
38.4005
38.5389
39.8706
42.1341
42.0715
44.201
44.157
44.0791
44.142
45.255
34.2125
33.9021
34.1876
34.8997
35.1949
34.9825
36.4575
36.3458
37.6841
38.4688
38.6408
39.0401
39.3448
40.5272
40.8188
41.6756
41.0866
40.0649
40.4798
35.0921
36.279
36.7568
36.6301
36.3538
37.3302
36.0646
37.395
38.154
37.6075
38.175
37.1348
37.8039
37.5676
39.1989
38.547
39.5612
38.8881
39.632
32.408
33.5064
33.5104
33.2671
35.1153
34.8739
35.3336
34.515
36.1693
36.4425
37.1796
37.3472
38.2567
38.3146
28.3313
29.7804
29.4623
29.7544
30.5194
29.8821
31.1178
30.307
31.7072
31.5217
32.2777
32.6158
32.8672
32.9161
33.8116
34.0212
34.7102
34.6733
34.5082
35.4203
36.0357
35.9659
27.688
28.5437
28.6145
29.0234
29.3475
29.6378
30.1793
30.348
31.5848
31.6316
31.8857
31.8718
32.4283
32.4263
33.4286
34.2813
34.7511
35.0364
35.0135
35.8312
36.2005
35.2438
36.1453
27.1304
27.0537
27.0477
27.2233
27.0676
26.933
27.1554
27.6674
27.686
28.2455
28.0351
27.7668
28.063
27.2702
27.3718
27.3409
27.5813
27.3
27.1285
27.3818
27.0806
23.0983
22.9497
23.0344
22.9756
22.9476
22.9117
23.6129
24.4417
23.4284
23.0444
22.7522
22.829
23.18
22.8689
23.3041
23.8084
23.562
24.0288
23.6189
23.6189
23.7485
23.4922
24.0168
24.0148
23.4433
23.4812
17.9767
17.7117
17.599
18.2053
18.9489
20.9161
19.8355
18.5297
18.1215
18.6521
18.8925
18.5764
18.343
18.2053
18.8506
18.2841
17.9996
10.5946
10.6515
10.365
10.4291
11.1043
10.7554
10.2387
10.093
10.1439
10.2985
10.0412
10.2615
9.9674
10.1259
10.0521
10.2137
10.0461
9.9544
10.076
10.114
10.0761
10.103
10.0262
10.0322
10.0766
10.7022
10.3865
10.5249
0.4658
1.0312
1.4952
2.0316
2.5891
3.0099
3.5944
4.114
4.3334
4.9633
5.5651
6.1545
6.4797
7.2037
7.5638
8.3566
8.4454
9.0548
9.4457
10.2007
10.478
11.0016
11.7216
12.1276
12.1665
13.2667
13.7762
14.2609
15.0025
15.3779
15.6033
16.072
16.2106
17.2389
17.6189
18.4118
18.5724
19.458
20.1541
20.4064
20.4244
21.8815
21.7068
22.816
23.1063
24.5045
24.5825
24.1385
24.327
25.6953
25.7621
25.7372
26.3775
26.4993
27.5025
28.3342
28.4539
29.5121
30.5034
30.3598
31.3232
31.1936
32.5251
33.3231
33.2292
33.3658
32.7708
32.3545
32.912
32.2568
32.7404
32.5133
31.6395
31.9921
31.2804
31.6723
31.444
31.3223
32.1333
33.4805
34.2265
33.8595
33.7518
33.5872
33.8864
33.0307
33.002
32.6328
32.14
32.563
32.8382
32.4154
32.4732
32.4804
32.4574
32.5696
32.8512
32.8661
32.0782
32.5689
32.5141
32.7534
33.298
32.8801
32.7196
33.1574
32.3894
21.5703
22.1039
22.0321
22.7756
23.0743
23.3875
24.0158
24.4386
24.9742
25.4479
26.6649
27.2624
26.7395
27.284
27.6421
28.6274
28.8878
29.176
29.4333
31.3883
30.3309
30.0626
29.9449
30.8724
31.2176
22.5059
22.6986
22.5856
22.9795
23.4822
24.1315
24.2412
25.0351
25.7392
26.2651
26.6817
27.2292
27.5384
28.3113
28.5288
16.8141
17.3347
17.1332
17.3486
17.1083
16.9317
17.0245
17.5391
17.218
17.0873
16.9566
17.2699
17.3915
17.1482
16.9577
16.8081
17.0634
17.5341
20626.378034591675
