0.2468
0.5226
0.788
1.107
1.3203
1.5471
1.5339
1.5021
1.5257
1.5375
1.5333
1.5754
1.5378
1.6131
1.5109
1.6178
1.533
1.5963
1.5579
1.5801
1.5923
1.5936
0.2534
0.5496
0.8168
1.0713
1.2929
1.5866
1.572
1.8497
2.0836
2.299
2.368
2.6137
2.92
3.0262
3.1071
3.1146
3.0429
3.0823
3.281
3.3539
3.3026
3.3258
3.4243
2.5953
2.5905
2.7991
2.7726
2.0388
2.0132
2.1066
1.5523
1.8037
2.0557
2.0632
2.0869
2.3297
2.3079
2.6958
2.4074
2.617
2.8342
3.0501
3.367
3.2793
3.3007
3.3616
3.6777
3.8938
4.248
4.1691
4.4521
4.6912
4.9761
4.9051
4.8493
5.2645
4.8929
4.8003
4.7788
4.8516
4.8069
4.7816
4.785
4.757
3.5565
3.5341
3.5803
3.6049
3.6086
2.2754
2.2785
2.2717
2.2985
2.2659
2.3387
1.2745
1.55
1.8321
2.0028
1.0487
1.329
1.5809
1.6137
1.8014
1.8681
1.8299
2.0848
2.2875
2.3619
2.5766
2.5893
2.8415
2.8912
3.0955
3.103
2.3583
2.3247
2.6325
2.7475
2.9196
2.8274
2.1242
2.081
2.3419
1.6274
1.582
1.5577
1.0264
1.3415
1.5657
1.8591
1.7876
1.3195
1.5279
1.5632
1.6258
1.8012
1.8183
1.7447
2.104
2.286
2.3033
2.3585
2.6188
2.6419
2.7692
2.9298
3.1018
3.345
3.4266
3.6204
3.6619
3.2206
3.3138
3.4294
3.4412
3.6504
3.8389
4.1077
4.0534
4.3099
4.3172
4.6128
4.8359
4.34
4.507
4.6956
4.7089
5.1291
5.3688
5.452
5.6959
6.5402
6.7121
5.5627
6.341
5.6148
5.673
5.929
4.5438
4.7752
4.9849
4.8741
4.2513
4.4398
4.678
3.6868
3.7912
3.9459
4.1387
4.1545
2.3456
2.6238
2.4698
2.2021
2.2591
2.3331
2.2934
1.8391
1.7311
1.7719
1.8101
1.2067
1.211
1.2309
0.5586
0.7227
0.7561
0.7924
1.0708
1.3319
1.3716
1.5861
1.7939
1.8468
2.1025
2.4299
2.8859
2.8445
2.7635
2.8388
3.3018
2.9729
3.211
3.5656
3.6181
3.7999
4.1572
4.2573
4.3299
4.281
3.2446
3.5427
3.6099
3.4835
3.5208
877.8508479595184
