0.2364
0.5076
0.742
1.0143
1.2317
1.5159
1.7553
1.9956
2.26
2.5143
2.7626
3.0419
3.2573
3.4707
3.739
4.0561
4.2626
4.5358
4.7503
4.9757
5.3507
5.4404
5.5422
5.4824
5.4805
5.4095
5.4624
5.5751
5.4774
5.5272
5.4714
5.4784
5.4734
5.5063
5.4744
5.4345
5.4125
5.5063
5.4305
5.4434
5.4085
5.4634
5.4076
5.6269
5.5731
5.4724
5.4295
5.4135
5.4005
5.4205
5.3856
5.3846
5.3803
5.3561
5.4704
5.3607
5.3985
5.3567
5.3736
5.3477
5.3028
5.4046
5.3946
5.3985
5.4734
5.4514
5.6601
5.4395
5.3906
5.4205
5.4245
5.3926
5.4714
5.4694
5.4215
5.4006
5.4265
5.4514
5.4275
5.3586
5.4245
5.3986
5.3796
5.3906
5.4245
5.3777
5.3437
5.3916
5.4156
5.4045
5.4484
5.4574
5.3676
5.3497
5.3477
5.4265
5.4085
5.4075
5.4006
5.3846
5.3936
5.4375
5.4146
5.3557
5.4525
6.1775
6.7091
5.594
5.6289
5.7786
5.2709
5.1812
5.1562
5.2988
5.3866
5.3218
5.229
5.3846
5.3706
5.3487
5.2978
5.2919
5.3018
5.1852
5.1642
5.244
5.4155
5.3407
5.3497
5.4355
5.6339
5.4744
5.4115
5.3677
5.5382
5.4095
5.3298
5.4425
5.5432
5.4437
5.241
5.3337
5.2071
5.2669
5.1622
5.218
5.1522
5.233
5.3637
5.4844
5.219
5.2659
5.2699
5.3726
5.23
5.4305
5.1462
5.4317
5.5941
5.7177
5.236
5.2609
5.2281
5.3776
5.3876
5.3408
5.4853
5.3856
5.3268
5.4754
5.2799
5.3098
5.3906
5.245
5.4096
5.1582
5.261
5.3995
5.1743
5.2041
5.1542
5.1093
5.1881
5.4983
5.3487
5.2081
5.239
5.2639
5.255
5.2001
5.1841
5.221
5.2051
5.1961
5.2071
5.2819
5.2998
5.1523
5.2679
5.1892
5.2081
5.2679
5.2041
5.2689
5.1961
5.2031
5.2689
5.2629
5.2889
5.1882
5.2121
5.249
5.2281
1167.7474825382233
