4.3124
6.7869
10.0491
13.4471
16.7991
21.3688
22.8664
28.3842
26.4252
26.2166
25.5741
25.9466
26.3436
25.3938
26.9898
26.252
25.828
26.1372
26.4503
25.3005
24.9832
25.8509
25.6235
25.9408
25.8459
25.4622
25.5218
25.4699
25.6705
25.5766
25.6765
25.5647
26.0583
25.4749
24.9862
25.441
25.2685
24.8506
24.7718
25.0919
26.2748
25.4768
25.8151
26.4357
25.4131
25.7369
24.6441
24.9184
25.1731
26.0254
25.05
25.0171
24.8875
24.8576
25.507
26.0713
25.4622
25.4749
26.7824
25.0172
24.8755
24.708
25.0271
24.8256
3.7729
6.5645
9.6372
12.6482
12.2941
12.9554
15.5874
15.8337
16.1939
18.8915
23.4094
25.5427
25.2365
24.8167
25.1169
28.0914
31.7691
33.4997
36.4897
38.1161
38.4534
42.3099
43.0319
44.7294
45.7787
48.0407
51.248
54.247
55.2652
58.2972
59.7853
60.7912
59.7756
60.4025
62.3135
61.6183
62.2393
65.4231
64.7032
68.5521
71.5148
72.2649
71.2247
71.5889
78.0079
80.1627
83.6106
88.0338
87.3472
91.5534
89.8141
93.0357
77.8252
81.0015
82.2343
87.1175
87.8386
87.4201
78.7053
83.5546
82.6721
86.2393
73.9884
80.731
80.1383
81.2403
77.1194
78.2998
78.6225
80.7232
80.479
78.201
81.7792
81.8871
83.2295
84.3932
86.1541
83.209
84.8747
88.3519
92.9478
92.4685
99.0642
89.4291
87.3236
89.7311
89.4908
97.1329
86.6322
86.7651
88.7656
90.468
91.2911
82.8041
83.6863
84.238
84.2577
84.0374
84.8328
87.1999
85.7418
86.0251
87.6499
91.0965
88.2084
90.6609
92.04
99.4033
84.0299
84.8223
84.233
88.2033
89.2667
91.2081
93.3844
90.0674
89.5598
93.1159
95.8396
89.4531
89.2869
93.1111
95.0964
89.7072
93.2935
90.2833
92.2753
96.4222
96.6337
100.0464
103.2508
96.3199
97.1282
89.6146
88.9604
89.7829
94.0823
96.2275
94.0698
97.8149
96.0961
97.324
98.8131
103.4428
102.9928
105.3326
103.1911
102.8641
100.272
101.2422
101.1436
101.7686
97.2569
101.7728
103.0491
94.4358
92.7918
97.7876
98.3162
100.2909
104.5659
104.2585
105.105
105.3964
97.8119
99.7804
97.9723
97.2425
93.6548
93.6249
96.5838
95.214
94.1972
95.9101
99.1041
94.6472
82.4705
83.4549
86.1531
90.9801
91.7698
93.0961
92.7428
93.0048
97.9962
99.0196
100.6225
103.4574
95.2634
97.4625
99.0185
87.3644
91.8705
92.5396
93.1248
97.938
99.4671
92.1058
94.6927
96.7643
93.7733
91.3061
92.604
92.5633
90.7797
93.9259
79.2302
78.8578
77.1011
82.8223
82.4227
83.2325
88.5356
87.4045
90.2626
93.7286
84.5722
83.1909
87.7454
85.6176
87.9329
91.667
95.1197
98.5654
102.074
102.0065
103.6201
103.5782
91.4925
94.3398
97.3668
98.2016
98.501
102.6904
106.2681
94.3832
96.04
89.6148
90.5459
91.8797
92.0868
92.107
92.9376
95.4312
85.0223
82.5536
84.6318
86.9608
85.3032
83.114
82.9323
82.9822
82.1373
82.9403
84.3964
83.669
82.0497
83.8289
82.5886
82.3659
70.7003
69.6598
70.8598
71.0062
73.8747
77.5926
78.3627
72.5161
75.6238
75.4965
78.9021
65.9223
67.6566
60.5232
62.2653
65.3662
47.8877
50.2476
49.789
50.2633
53.5926
58.5896
60.8634
62.7107
65.06
66.6468
61.4467
63.2469
64.2156
64.515
67.5835
68.5448
69.0765
71.8977
70.5445
67.9346
68.8649
70.9616
72.3576
75.5849
69.9735
73.2791
74.3555
74.1169
76.6521
70.2939
71.8619
76.2462
76.1125
76.3071
77.9795
77.0012
80.8712
74.7613
73.6846
75.0507
75.5231
75.4732
66.2157
64.8283
64.9875
65.9599
64.9015
52.5227
53.4601
52.4977
47.141
46.5805
38.532
39.4834
41.3416
44.1849
46.2965
47.5172
47.1773
40.8897
40.1677
41.2946
40.3282
40.0302
40.751
40.3381
31.867
35.8641
38.7965
40.4369
36.0606
37.8231
41.4611
38.0623
41.7304
43.7253
42.9492
44.2297
44.586
46.4179
48.7716
52.0474
52.1528
54.253
55.9365
56.5821
60.1003
62.4122
65.3388
66.3167
66.2379
68.1209
69.8336
70.2682
76.158
77.1617
78.8412
80.1527
82.2372
84.3985
84.0883
87.8631
90.5278
95.3105
93.9918
97.4475
100.0027
102.4894
101.8959
96.7359
94.7922
97.3322
100.999
97.631
98.8506
98.1893
98.7249
90.0039
91.5685
92.2753
92.6767
94.2291
92.964
86.0135
85.6667
89.1002
88.8498
91.9354
94.7078
102.6438
102.9049
106.1547
98.6548
96.6411
101.5639
103.7794
105.4671
106.688
107.3287
110.3887
97.3038
97.7393
87.4172
86.0755
86.1161
88.4188
90.4243
91.1958
93.1241
97.5991
101.649
102.1369
102.9391
77.8694
77.0093
76.776
73.5454
73.7838
73.697
74.7552
77.2717
81.0008
78.955
80.6354
82.3016
82.2272
77.1676
76.7287
76.8181
52217.436207294464
