times
1.7206
3.2095
4.7374
6.2412
7.8232
9.7246
11.3435
12.4679
14.3561
15.7036
17.8395
19.0268
21.0134
22.6076
23.942
25.8049
27.2106
29.1932
29.3834
32.2663
34.0598
35.6533
37.8314
39.0132
40.3567
42.0682
44.2802
45.6683
48.1376
46.2233
50.2789
51.6676
54.0489
55.2584
57.2365
58.9149
60.206
61.2658
63.8041
65.1002
66.271
68.6188
70.4498
71.3507
74.3399
74.9042
77.1922
78.9559
79.7497
82.0392
82.8309
85.892
86.7259
88.2717
89.618
90.7033
92.0712
90.8432
93.8769
96.6268
98.3376
100.214
100.7437
103.3782
105.5674
107.0854
103.89
107.2808
110.0192
108.7114
106.6864
112.397
112.4672
112.956
117.5524
117.0493
118.6446
120.9995
120.5338
125.4884
126.5109
123.756
128.0238
131.0971
134.5278
133.1229
133.699
135.2661
138.3173
141.3059
140.9665
144.0775
144.2876
141.28
147.8746
146.6804
149.4754
149.9054
151.4468
152.8428
153.0057
150.6864
155.8498
154.2216
155.6109
158.5811
159.8219
161.2048
127.9803
130.6689
131.2812
131.6486
133.4638
134.4404
136.0187
137.5233
139.6646
139.4482
142.8293
142.363
146.6739
146.6937
149.6806
149.5879
102.9014
103.7501
105.5941
105.9071
109.2371
110.7376
111.6408
113.6043
113.6268
117.0359
119.5005
119.8494
123.202
124.1462
125.98
126.3634
129.0074
125.9586
129.1014
134.1625
133.682
132.6938
138.2145
139.5979
113.5248
115.9177
116.1782
118.468
121.2956
120.9094
123.6182
123.4669
127.9736
129.0173
128.5552
131.745
131.8084
134.1784
129.5252
134.9793
137.1537
139.3589
141.1646
140.7801
143.6893
145.8901
120.9242
122.4135
122.6622
126.1898
123.5604
126.6965
128.1915
126.4699
128.6416
128.1479
130.7414
131.0096
133.6545
133.9667
136.1852
138.1425
139.6477
140.2779
140.0405
140.8043
144.9801
145.6529
146.8662
147.2301
149.9472
149.7312
152.1268
150.1757
134.0206
132.1931
133.0916
135.2114
137.4861
138.5134
139.8266
141.9417
142.4969
143.4364
145.2803
150.2471
150.2976
151.8306
128.1375
129.7019
130.1743
133.077
132.5125
135.1726
124.2982
137.5339
139.292
139.5914
141.6212
143.0166
145.7401
146.6061
148.5089
148.3665
152.1706
147.8189
114.4055
115.371
110.933
114.6404
119.249
121.4925
122.2679
120.7495
126.247
127.9218
129.3613
132.834
131.3727
133.527
136.2553
136.2256
136.4832
141.1844
142.5543
147.2375
107.1225
113.6482
116.5672
117.7957
118.76
119.9179
123.5865
126.4271
126.9029
126.3514
127.5442
129.5737
131.7813
131.4989
134.8198
136.1364
136.6353
138.3947
138.9761
140.8593
106.434
107.5145
108.628
111.2891
112.6764
111.834
116.5131
117.7639
118.6177
121.055
122.3241
125.0371
126.2588
128.8727
130.8392
130.3202
133.1136
133.7186
133.5486
117.0831
115.9712
117.9518
117.7983
118.5244
121.0297
119.0701
121.001
122.2431
122.6484
124.9022
123.0098
125.2113
125.2725
125.1584
127.4042
128.9221
126.9669
129.8514
107.3434
106.1626
108.3583
111.1965
113.043
115.3122
114.2331
115.7649
116.8078
120.5003
121.8542
123.9122
125.5695
125.5523
90.8989
93.9853
96.4203
97.1635
100.3627
100.2633
100.9921
102.0144
103.6805
104.5481
106.2425
104.9797
107.9288
109.4432
112.2307
111.1274
110.996
111.3793
112.3119
114.2404
117.1616
115.352
88.6993
90.3115
90.1863
87.5449
93.8728
96.4352
97.5298
99.2244
102.0157
102.5129
104.9179
103.026
104.1054
107.3152
109.3914
110.9844
112.3435
113.1568
113.5917
117.1525
118.571
117.7739
119.9001
91.1226
90.1114
89.6428
90.7067
91.1237
90.437
89.1404
90.9167
90.39
91.3995
90.6461
87.4521
90.9345
90.263
90.7536
90.6309
90.1411
89.539
90.3636
90.8883
90.5138
74.0673
73.1155
76.8885
77.0631
76.9544
76.1587
75.8026
77.2843
76.9249
75.6698
76.9638
76.6644
76.6444
76.5746
76.6027
75.9612
76.132
76.3405
77.0232
76.602
75.6263
72.5811
76.7186
77.3993
77.1401
76.677
57.8593
57.1544
56.3009
57.1017
57.9227
58.2754
57.9219
58.1345
57.838
58.0059
57.8309
57.5058
57.0549
57.7719
57.4871
57.7146
57.7104
35.0414
33.8122
33.6358
34.0544
33.5346
33.7927
33.4484
33.7359
33.9502
33.4821
34.1185
34.2016
33.7065
35.4579
33.2401
33.5857
33.5843
33.8821
33.3038
33.7572
33.7007
33.9066
33.4543
34.0099
34.3304
33.5413
34.2282
34.0182
1.827
3.2412
4.8974
6.6517
8.1547
9.6881
11.0829
12.9961
14.4665
15.9822
17.616
19.3604
21.1384
22.9993
24.547
25.9129
27.2358
28.8309
30.774
31.8699
33.8314
35.364
37.1206
40.1145
40.3216
42.1601
43.1317
44.8519
46.9272
48.3755
49.4548
52.2644
53.8772
55.0855
56.4301
58.2585
59.5188
61.005
63.29
65.2902
65.7672
67.9838
69.8212
70.8824
73.2036
73.9674
75.9509
76.6628
77.9949
81.1309
82.0526
83.1958
86.6686
87.7529
88.5352
90.9415
93.2531
94.778
95.3175
97.2088
99.3386
100.8322
101.2206
103.688
104.3259
105.7823
101.9471
104.7757
106.3098
105.5207
104.7363
104.2093
104.2237
104.1627
106.141
104.1332
104.2263
105.2596
103.4881
97.255
104.2608
106.1503
105.6509
105.2002
105.6715
105.0902
105.9678
107.2931
106.2315
104.7432
106.2252
104.72
104.5965
104.8013
105.4692
105.1583
101.2396
104.6169
106.0299
106.0147
104.0957
100.253
104.2629
104.7366
105.5112
106.1838
107.0981
69.4703
70.519
72.1765
73.3102
74.5493
76.9218
79.3165
78.9172
80.8812
78.3678
84.4103
86.564
87.9851
88.0827
90.6636
91.8206
94.978
96.6214
93.4983
94.7216
97.9203
99.2839
99.3734
100.6117
102.0198
72.5859
73.7142
74.4718
77.2184
76.309
78.642
79.3953
81.6363
83.1983
84.2647
85.486
88.5053
90.1654
88.0388
92.1504
56.3648
56.1118
56.284
56.731
56.393
55.0556
56.5746
56.2028
55.9655
56.6543
56.7547
56.6055
57.0929
55.2798
55.6768
56.2423
56.0172
57.1033
64361.59032058716
