0.4885
1.0771
1.491
2.0376
2.4854
3.1236
3.4787
4.1067
4.4431
5.1173
5.6259
6.0339
6.6562
7.0222
7.6415
8.2071
8.6828
9.1775
9.4589
9.9773
10.5478
10.9776
11.3138
12.0219
12.5447
13.4082
13.5617
14.4364
14.6508
15.4228
15.7639
16.1568
16.8042
16.9955
17.3795
18.2801
18.3868
19.0341
19.6186
19.6525
20.3835
20.6099
21.2752
21.9623
23.0274
23.6358
23.8492
24.2143
24.329
25.5228
25.5965
26.4224
26.6348
27.4736
27.5844
27.6092
28.3023
28.436
29.5251
29.6028
30.5127
30.7279
31.2904
31.4898
31.2589
32.2042
32.5222
32.7784
32.5474
32.5229
33.5374
33.8505
33.3449
34.3661
34.9675
35.6626
35.8076
36.1763
36.9891
37.5057
38.535
38.8855
39.5233
39.8664
40.2703
41.3539
41.169
39.7877
41.5353
42.5613
42.9911
42.5413
43.3076
43.401
43.8548
44.3026
44.0093
45.1753
46.1477
46.4847
44.8684
45.8694
47.0817
46.3783
46.4408
48.7568
49.2384
48.7008
50.0292
50.2915
50.6506
49.4748
50.1469
49.7829
51.0984
50.3137
50.3987
50.7605
51.4137
51.2253
52.5435
52.3241
52.8966
53.1679
53.4581
53.0554
53.2026
54.5203
55.5745
55.0618
55.8796
55.5699
56.4062
55.9494
54.2308
56.6047
56.1828
56.3603
56.3245
56.6137
57.1173
55.4358
57.4584
57.3038
57.6608
57.5192
56.2726
57.5332
56.4361
57.7137
57.9581
57.7885
57.2991
59.3354
57.9624
59.6009
60.0018
58.5714
58.7669
58.8288
60.0465
60.7129
59.5827
61.0379
61.888
62.0317
61.8387
62.1956
60.8704
61.7499
60.1472
61.7998
61.2346
62.8694
62.6894
63.0534
62.9277
63.971
62.2476
64.1804
62.9285
63.8663
62.9429
62.919
63.8812
62.4463
64.0361
64.119
61.9993
63.2489
63.1097
66.1491
65.5188
66.4902
65.4919
67.5975
66.6089
65.2226
65.1748
65.2696
9019.304817438126
