times
3.9785
7.2167
11.3574
14.5163
18.0827
23.1824
24.9855
28.4284
36.1772
36.998
41.2617
42.414
47.0052
49.3999
53.2943
59.2375
59.8553
62.6847
66.1226
70.4009
75.863
78.1047
80.3961
84.2215
88.6379
93.7691
94.1341
97.1347
102.5547
105.1612
109.4397
111.9209
115.2179
118.4843
123.16
126.9669
129.7319
132.2829
136.7088
142.8978
145.8875
146.7868
150.6616
156.7538
157.2781
165.4648
164.9677
168.1588
172.9714
174.0087
164.6385
165.7953
169.2088
172.8362
174.2769
164.2165
166.0
168.9802
170.8877
176.1757
164.5498
163.5276
167.0676
172.0138
173.6009
164.3806
162.7619
170.9222
171.46
174.6615
160.5822
165.5651
166.6963
172.4799
175.898
162.8959
166.4652
170.5254
172.8165
173.844
164.8132
163.5083
171.105
171.5041
176.308
163.2099
166.309
168.3812
170.6637
175.6378
163.0332
165.6822
168.5764
173.7143
174.52
163.2807
167.7127
168.172
171.696
178.4403
161.6277
168.7538
168.5446
171.2828
177.8004
163.8688
164.3816
169.347
171.9589
175.4075
161.9975
166.4193
168.8443
171.3683
174.1559
164.5815
163.1571
170.8988
171.8283
173.6451
162.2615
165.4772
168.585
171.0868
174.1576
163.3179
163.3876
167.8617
170.4192
173.562
160.9407
164.43
168.9006
171.1878
175.6347
163.3994
163.6569
168.4442
171.0266
172.9001
164.1918
165.025
168.7462
172.8026
175.7482
162.7528
165.7075
167.8431
172.872
174.4808
162.5079
162.8607
169.9427
171.5294
174.6334
161.859
164.5954
171.1364
171.9954
176.7587
162.9567
163.394
168.2337
171.5558
175.5842
162.9984
166.8691
168.9309
171.2049
178.3193
162.3926
164.9945
169.4955
171.1655
174.9805
161.4296
167.1376
167.1081
172.8601
179.2993
164.0065
166.9973
171.3265
172.1036
177.1671
167.7128
165.9507
171.3214
175.7229
175.3984
162.6664
167.7068
168.6122
173.9216
177.2955
163.0243
167.1233
171.3744
171.7279
174.5001
164.7719
167.6948
169.8261
171.7844
176.8782
164.402
167.7654
168.0999
174.1781
175.3158
163.5276
165.8964
169.7537
175.7244
174.8385
164.242
165.2966
169.6089
170.9749
178.5688
162.5652
166.3868
167.8674
173.2921
176.1358
162.2239
167.8944
168.2514
174.8423
176.7135
165.7521
165.015
166.3231
172.2893
179.5225
162.1506
163.672
166.4088
172.8344
176.1684
161.8376
164.3802
166.4838
175.4893
175.0889
161.238
167.1035
166.2279
174.405
173.7356
163.7997
165.011
169.7552
171.6212
174.0183
166.0178
164.7077
169.7727
172.5245
176.4422
160.9743
164.6743
167.4944
172.4263
175.3913
162.4808
165.5378
169.4188
170.0661
175.8329
163.9781
164.0527
166.2537
171.6442
178.1104
160.7114
167.4542
167.1564
171.6201
186.3849
163.2065
173.3859
172.501
173.6199
186.298
173.5717
180.3769
177.1864
177.4056
183.2097
163.9841
167.1856
170.4818
172.0337
177.4029
164.7897
164.4336
173.0163
182.896
177.9301
165.9566
171.0017
171.033
177.531
180.0444
166.4823
172.6794
175.1522
178.2365
179.8154
175.1571
176.9461
174.0402
175.9998
181.7793
166.8516
170.2997
176.2545
174.9815
185.5312
176.8569
165.219
184.0464
187.1188
179.5641
166.1666
167.1257
167.5308
180.8786
185.167
173.5303
179.435
179.1605
182.376
186.0651
172.2319
176.7903
176.7729
182.6605
182.843
175.5244
168.9977
178.7605
181.3561
180.4948
171.9323
167.7378
169.956
174.8752
176.7597
163.3776
164.4426
170.4319
172.2497
178.5917
165.1338
166.0198
171.5269
174.3084
174.6684
167.4061
166.8644
173.6364
174.6635
176.3815
163.0248
164.6173
171.0928
173.7098
176.6213
163.6855
168.6226
169.5794
171.8296
177.2097
162.7945
167.5218
169.3784
171.7507
174.3335
165.554
165.2461
170.9974
174.276
179.1492
161.3431
168.3648
170.0089
171.2472
177.9706
163.3371
168.7296
169.7827
171.4883
174.7529
167.4871
179.6874
178.1566
179.5473
177.4101
164.3814
171.7393
180.9216
183.3724
182.6754
173.471
173.7445
171.3014
172.6345
189.828
175.8344
179.3004
170.2526
172.6023
179.2894
162.5666
165.3413
167.6133
174.3357
188.7227
177.4893
185.8828
186.7737
208.7173
204.1729
169.545
182.679
187.4315
182.5126
186.7394
172.4473
174.1328
178.6167
186.6981
183.9806
175.7602
175.9133
178.1995
184.2772
186.3519
171.3254
186.0388
187.1811
190.2346
197.1591
180.5796
184.6531
187.6894
193.9121
177.9992
163.3186
169.0853
169.9894
173.8692
178.6631
165.0395
170.6747
171.1316
173.564
178.2435
164.2396
170.7166
169.1403
174.7548
178.7744
165.3945
167.7487
169.2455
174.4346
177.1193
163.0181
167.1843
170.1647
173.2971
177.8502
163.7523
170.7879
168.8912
175.5781
178.6752
165.0399
165.103
170.4066
172.2886
179.3708
162.8381
165.4189
168.9199
174.6241
176.6995
163.5678
169.4404
168.8064
173.5689
180.8489
162.6932
165.8368
170.4527
172.099
176.645
97121.90142464638
