times
12.5543
23.078
34.3532
45.1642
55.4408
69.0941
78.7978
88.6331
99.9152
112.616
125.9049
132.7233
145.0019
156.0979
165.0784
179.2594
188.5067
198.2843
210.8432
221.7726
234.3034
242.4075
254.7703
266.7179
275.1477
293.6197
299.6722
305.9871
317.4992
328.5738
342.5028
349.7351
364.0913
374.7035
387.9935
397.7006
404.752
416.2378
429.3614
442.328
463.9088
458.4978
477.4243
486.8555
497.4575
511.5616
520.0401
527.047
545.6913
540.9593
514.6664
510.6471
526.9562
538.0979
551.104
513.4855
522.0772
529.859
537.0933
551.808
512.7461
528.5593
535.6213
549.0543
551.2994
509.7651
521.7812
530.3325
539.7916
552.3544
507.8072
526.5003
529.2249
542.6752
555.0698
516.4237
528.5948
530.5701
545.143
567.2143
509.2808
534.986
537.5059
546.7718
560.2094
516.6333
519.0507
529.6623
537.8669
555.0544
517.8554
530.6389
530.1333
535.7206
551.8658
512.6243
522.601
526.1229
541.7084
551.8578
513.8464
524.1617
526.9043
545.5084
549.9984
511.5679
515.5137
527.5655
537.9747
548.2928
506.1709
514.9523
532.5555
539.7302
551.9761
517.839
514.6726
526.2195
539.0654
553.6838
511.3819
523.2158
534.6383
540.4967
554.4983
511.6352
516.604
522.8845
525.162
541.6458
498.4899
519.7972
522.3924
532.2446
551.7617
504.1922
516.3416
524.9476
531.8766
543.9978
498.3131
517.1309
520.4149
534.0623
544.866
504.926
517.7561
521.058
537.8152
546.6185
510.1442
506.3208
525.9613
536.9688
545.8411
511.0528
508.3085
529.6185
530.1189
541.5729
508.7752
509.3404
527.5838
528.5737
542.4776
509.2411
513.7311
524.8547
536.2061
542.9055
502.5385
518.8318
531.0905
539.9114
542.1901
512.5449
504.8948
539.9286
538.5038
549.3215
514.6051
521.5525
527.1856
538.8515
544.1508
509.3118
526.2674
540.4438
540.7002
542.1265
506.3928
516.061
528.2552
549.7433
548.0644
507.1745
515.0411
524.6887
534.5567
541.0338
511.6615
515.0975
519.9216
543.3312
549.7932
505.2475
513.1242
527.4154
530.775
537.2596
503.1928
508.5874
511.8417
537.7708
551.4255
507.4884
513.4988
528.5493
536.1371
552.4507
504.5537
505.0378
517.5259
536.513
548.217
501.1312
512.9999
521.0007
534.5314
550.1326
499.8019
517.0382
522.9983
532.7222
544.5786
508.6963
514.0821
525.354
538.8617
539.0494
507.8769
505.6244
532.5503
529.8738
535.4833
512.4111
514.0855
520.5486
530.391
545.4412
498.264
511.7065
518.9076
533.4407
543.965
507.932
518.4694
526.5086
534.2063
544.8074
491.2491
514.2368
526.2676
531.1344
544.2072
504.5375
514.5583
513.9399
532.0551
543.1955
500.1041
511.2485
521.4953
541.8621
546.7277
500.8452
513.1874
518.1257
537.9254
539.6101
503.2864
515.7378
525.1946
533.2847
545.6547
504.3899
516.3689
521.942
534.2939
553.1202
505.7429
508.017
533.0512
530.5088
540.2329
504.015
512.8919
515.9421
528.5079
543.2282
503.458
515.1556
529.1801
533.0226
533.693
516.6081
509.3513
528.1922
531.8068
546.3361
496.2487
513.023
528.3172
534.4986
539.7466
499.6881
517.9304
517.6825
536.6786
546.9534
510.8231
521.5823
524.5761
525.6393
538.7332
499.6622
512.6531
516.4972
536.5205
544.3895
496.1466
501.3598
519.567
535.7218
539.423
502.4557
502.4848
536.0546
529.6193
537.7226
507.5122
515.5448
517.8859
527.2318
549.7798
513.9334
511.0073
521.4081
535.5256
550.5958
503.2368
509.2029
524.0521
539.6022
548.0475
502.9213
515.4684
519.2651
531.2025
546.9043
492.8595
486.7717
501.9416
487.8197
498.9138
450.4289
459.6677
470.396
472.9698
484.2748
444.6882
458.0355
466.2579
479.3766
497.3782
454.1383
457.8442
471.0811
478.1556
499.0296
452.6971
454.182
459.7935
489.0454
498.445
454.2176
460.2627
479.5206
478.6351
485.9301
441.2873
455.2773
464.5858
473.7142
480.0092
438.5128
434.5187
438.6904
439.973
439.7464
391.1972
395.0428
403.4552
413.6404
433.4039
395.7332
402.6086
422.6251
421.834
434.7097
447.2681
448.0187
448.1596
450.1574
446.0327
392.1027
398.3463
411.5675
414.8708
434.0808
386.7258
401.9613
417.3586
419.3656
440.5454
384.6438
388.2139
389.6994
387.6704
389.1729
339.0747
344.6767
354.9199
371.4995
383.8308
332.0124
328.5075
332.215
329.3765
332.0224
288.3639
290.6973
304.811
311.0482
318.2415
327.5119
340.9892
348.3026
360.1747
368.0734
331.9985
337.5071
350.8602
361.1083
371.6517
326.1518
338.7336
347.6677
358.7338
370.8377
380.8843
380.2971
380.8199
374.4296
378.0681
330.9881
336.0902
345.4517
356.8573
368.3142
324.4154
334.7408
345.4516
355.2866
369.1901
377.6987
375.1297
369.8468
371.2995
372.6759
321.0241
329.0052
342.4099
358.4122
364.376
381.1018
390.9059
397.3014
409.1822
430.7111
399.9686
397.1489
411.4237
423.6208
429.8422
392.436
394.1376
410.8097
417.9275
434.9299
275909.0729043484
