times
12.3241
21.9358
33.1475
42.8691
55.2818
66.9906
81.3248
89.0579
97.9422
108.9772
123.0272
131.7927
140.6824
151.8749
164.6809
177.7455
186.2376
197.6034
207.8369
219.2504
231.0699
241.5816
253.6266
262.8232
275.9653
287.113
296.0365
306.5516
315.5395
325.8477
344.4114
347.9606
363.1594
374.1705
385.544
398.7372
406.1695
416.6272
427.7656
442.4941
455.5622
461.1272
471.6761
484.7451
496.7488
510.2593
534.3531
538.1468
560.4823
564.6144
526.7717
534.9224
542.5634
557.0901
570.8084
522.4478
528.6309
545.8973
557.4164
565.9567
523.1898
535.041
540.5423
553.7632
565.9316
525.5542
529.2566
545.5738
551.635
563.5432
518.95
528.8372
537.0974
550.1962
565.2183
519.1487
533.6053
538.4124
556.9627
564.032
521.3989
527.4973
543.6096
559.3767
564.5902
527.2998
534.2978
541.5851
560.4798
569.3982
532.5771
534.1274
546.3427
554.2569
568.6013
519.8451
532.941
544.4476
548.9732
566.0217
521.8081
535.6353
549.7987
557.1971
563.1821
528.678
532.7006
551.7606
551.5937
564.5421
523.5938
529.8881
540.8566
550.1414
567.509
531.1743
533.6886
545.6785
550.3683
572.2749
525.9409
537.3566
547.3594
553.6569
571.7157
522.9437
534.0666
542.6946
552.8618
564.2169
524.531
524.9956
546.47
557.0635
566.6735
526.2536
532.5927
546.976
552.7435
567.0925
523.657
530.0145
548.3293
552.6657
561.7345
525.9808
527.594
546.4951
557.7082
572.6096
528.796
535.5027
546.4773
549.5821
566.3694
520.4361
534.9148
542.9566
548.6041
572.2703
524.3406
533.7619
542.4216
554.4747
566.4986
524.9345
529.0883
546.1757
554.4424
566.0569
524.9643
527.9652
541.2038
556.2765
565.7623
524.6264
530.3554
540.6965
558.556
566.1273
522.3518
535.5963
540.0284
551.1755
572.198
523.1082
532.7078
548.0334
558.4192
563.7363
529.0165
532.9549
541.9125
550.2706
563.3842
526.4104
529.2368
546.4128
556.0302
563.8479
526.2146
532.0548
545.0938
554.0148
568.3398
519.6676
530.451
544.1841
548.0462
566.1075
527.4543
531.5554
548.5488
552.0927
568.0895
524.8898
528.0431
549.6861
551.0201
564.8499
529.2771
530.4257
544.587
551.307
569.5845
524.4659
526.0559
540.7611
556.3071
566.7396
523.2322
534.5228
547.904
556.4502
574.2062
526.0631
532.6162
547.3796
552.9563
564.606
525.7679
534.5211
544.6067
560.0928
566.2238
527.9125
534.4547
540.7561
551.2883
570.9819
533.2632
537.6977
544.156
553.2269
567.6705
529.1712
534.9536
538.3777
556.1131
566.6847
521.3731
530.996
543.5091
551.5331
571.0443
521.0788
531.4062
544.9014
552.221
560.7834
525.6808
524.1625
545.007
560.0181
567.7735
524.3529
530.0908
540.6925
552.1249
567.5092
522.8237
533.6367
541.6699
553.3042
565.6244
516.7276
534.5046
539.9313
553.4584
564.6279
523.7329
534.6203
543.0458
552.9566
572.4582
518.0415
534.6268
537.0694
553.1566
567.7876
524.3201
532.5833
538.618
556.1961
568.5953
521.859
532.7743
542.681
555.9045
564.984
522.589
527.5826
543.6826
552.214
571.3412
522.8332
534.0211
543.0686
559.2102
565.3218
522.9706
535.7744
539.9365
556.797
567.2892
524.9774
529.6382
544.081
557.3755
568.5281
525.4456
533.8842
542.4444
556.9669
569.9321
531.1751
525.8123
543.3873
558.0135
565.5312
525.8621
531.7819
543.2898
557.3418
575.8957
524.2249
538.3269
545.6029
550.6947
566.8965
526.2582
525.3779
540.7598
555.7275
565.3583
526.7381
534.674
539.781
552.8428
567.0955
520.6133
536.2254
545.0516
550.4301
569.3736
527.509
529.4106
547.076
553.5609
568.4317
522.9472
528.7721
545.1973
553.5489
564.9577
524.012
530.6838
544.2399
552.3495
569.7938
525.2775
533.8589
541.4278
553.1046
567.2202
524.2178
533.0778
539.6289
556.1186
571.5427
528.046
530.7652
544.6901
550.9708
571.0212
517.6723
531.1236
542.3024
554.0882
566.5797
520.9751
535.0773
540.8039
557.1588
572.3318
528.7859
528.2212
547.1857
556.4485
564.244
525.957
531.6783
547.3779
559.6981
567.1246
524.8257
531.8769
543.5491
548.7656
566.8781
520.3421
532.8472
541.5134
560.5443
568.1645
529.5259
541.885
544.4217
566.4799
573.4026
526.7185
534.8936
546.9621
565.2855
568.7143
531.8636
538.0192
546.6111
559.2895
570.2339
526.501
540.4898
548.0894
558.4585
571.4792
528.3284
534.985
547.3386
558.0914
575.7693
529.0806
537.4376
547.6518
559.3098
572.8798
532.4636
535.1169
555.8609
561.3615
574.8216
533.0438
544.5781
548.1993
559.9769
572.3988
529.2924
538.814
548.8958
560.5557
573.1205
535.7985
533.2674
554.1517
560.9592
570.7174
529.3238
533.5105
546.2254
555.5147
573.4982
522.6804
534.7457
551.965
556.4309
563.9758
529.8054
532.0545
544.116
563.5484
565.4076
530.8418
537.4886
547.1728
562.8355
568.0633
533.4613
536.7319
559.6511
577.5077
589.2697
304242.91727781296
