times
12.6882
23.1817
34.0153
44.5916
55.3459
68.6432
77.5462
88.256
98.3892
109.6473
125.187
129.9661
142.5052
155.1181
161.6151
175.9911
188.1169
194.9594
209.086
220.296
232.6251
240.1005
252.1442
268.0839
271.2414
286.7101
300.2777
304.6228
319.7298
330.6015
342.6055
351.9193
366.2795
375.4295
389.2377
396.61
408.8557
423.0326
430.3414
443.3712
451.7939
459.2228
470.6656
482.675
494.4325
506.0734
518.5683
525.5929
543.918
552.1726
504.9661
520.3927
532.6927
541.1142
549.7552
509.0419
511.6506
524.2648
544.8344
551.1139
516.8737
514.5199
533.7928
541.2393
546.6633
509.9281
513.3987
529.1149
544.3422
547.6093
514.5187
519.2672
526.5949
541.3245
549.8146
510.8817
522.6544
528.3861
535.9095
561.6278
506.6644
518.258
528.783
538.9173
556.3738
507.1419
520.1391
525.3763
535.2801
552.4341
513.0849
524.3685
529.1656
542.7218
554.9665
513.1634
517.1648
527.7952
546.0984
546.6373
514.174
516.6027
526.073
546.6404
551.5978
507.6284
524.1869
530.1346
540.5468
546.4738
514.5071
517.5218
536.0241
539.1826
552.2341
506.5671
518.3119
525.9446
550.5837
558.8886
508.6049
524.2012
526.738
545.5164
554.4707
505.6972
516.5775
520.8828
534.1251
543.9427
504.1265
509.9306
527.1363
536.5124
541.5564
505.1871
510.4698
528.4516
540.4734
544.6691
510.9676
509.1054
523.5103
536.3001
548.7432
506.8467
516.0334
521.1164
526.6256
550.3864
506.052
516.9004
520.1387
535.974
547.281
507.0485
523.1006
524.8353
542.1181
552.3751
503.7148
513.3187
528.5701
532.6211
549.3793
505.611
511.193
526.7654
531.7381
552.6466
520.1792
520.0385
522.2388
544.5649
558.9974
503.802
516.0343
526.5754
539.7636
551.4027
502.5156
519.6028
529.842
536.3951
547.2037
502.1463
509.473
526.3299
530.4276
543.687
508.7998
513.2902
521.9096
539.5184
551.6137
505.4736
516.8953
530.2425
532.2624
543.7811
504.9875
514.042
516.3084
533.281
552.2245
503.468
513.0483
517.7447
538.9149
540.9504
510.811
507.9766
524.9467
535.7649
541.9
498.591
518.5725
529.6301
537.2503
547.4707
512.0445
517.5536
530.7731
531.7567
549.2642
517.8371
511.6928
528.0858
534.127
545.6989
510.183
508.2566
521.4115
532.548
541.4933
500.6746
509.5929
520.8418
534.0699
541.5761
502.3079
517.5947
528.5994
533.9845
547.4297
503.5683
518.2302
530.9849
527.9641
552.3424
503.2917
513.48
522.3662
538.0264
546.6465
504.5908
512.719
516.9731
526.7737
550.1228
501.0218
511.2698
517.3536
528.5963
548.6771
506.8444
521.224
526.7727
534.0486
544.6237
510.9674
511.935
525.2658
538.0272
544.549
498.76
516.8031
517.2573
534.9062
543.8235
494.578
489.9753
497.5343
493.606
500.9925
449.886
452.4152
466.5601
473.0983
485.0294
450.653
453.0493
463.3482
476.3644
486.3243
450.4473
452.5813
469.0639
472.0609
491.8731
448.9448
454.8371
463.1241
474.9012
482.4713
447.8023
460.9567
471.0707
477.8418
485.8143
452.8201
454.1189
469.4568
479.83
488.0452
447.3801
455.3488
474.5902
475.3221
482.9844
453.8498
449.0134
468.5941
475.8272
486.4214
445.9757
457.8652
467.0732
491.3363
497.4015
498.0365
508.4401
527.2565
530.799
539.2259
504.2103
512.6822
527.4095
533.0579
553.8916
500.9852
515.0539
526.5714
524.6535
551.7639
505.3478
518.7033
530.5273
529.7823
542.2393
503.8578
515.0204
526.8484
530.8532
548.7303
512.273
510.4904
520.8899
528.927
552.471
501.9667
517.2366
524.1443
528.1123
552.2937
507.1449
509.8673
522.9802
528.6172
536.8602
510.7159
501.3829
520.6915
533.2707
545.7541
490.7748
512.327
518.7688
530.6408
546.5866
500.8811
506.5267
525.4024
541.3483
539.428
501.2467
491.6982
487.8567
485.5012
494.6021
452.2532
458.152
470.58
472.4857
491.9538
443.285
458.538
461.1105
477.3693
495.5025
454.8665
458.2639
473.2953
477.4382
482.1377
449.401
461.5593
467.9622
485.3848
485.5862
448.3337
454.0841
464.7727
474.4999
493.2476
449.2591
463.7907
471.5066
477.2017
489.3465
440.5125
460.6389
469.5137
479.4299
487.8363
448.9379
456.6856
470.7344
477.1534
487.9383
443.2213
444.8251
445.1612
448.1987
440.3167
443.5753
453.6493
435.6769
440.4842
445.3225
395.1661
405.7044
410.5727
428.411
445.2118
396.5412
406.2384
414.4704
430.874
431.4821
394.1728
397.7527
413.3423
426.7587
434.2276
390.6151
399.632
406.5384
428.819
439.309
395.5774
403.729
413.5321
424.0358
438.5516
401.8186
401.867
416.3353
422.5321
435.4134
400.3848
398.1661
420.6801
416.6946
430.863
388.6159
400.1459
408.9023
431.3604
433.7674
448.9957
454.0562
468.7122
478.4321
485.3023
494.2801
485.4548
485.8605
485.359
486.1446
442.8204
451.3826
465.9435
477.5617
488.2832
449.0299
453.8624
474.2037
480.3911
488.6469
283679.13368463516
