times
5.4931
10.1247
15.1356
18.7546
24.7178
32.5919
27.5713
32.8192
38.2764
42.5266
42.6131
46.0557
50.0734
52.6145
56.8601
62.9118
65.4427
67.6387
71.3773
75.8274
79.5053
82.5121
86.8823
90.2675
95.3246
101.4213
101.8869
104.662
109.831
111.8924
118.6001
119.2572
124.6014
127.3351
128.4741
141.5164
138.7304
137.1589
139.0072
153.5955
151.5492
149.5913
153.023
156.7544
161.6268
161.0295
174.1941
174.4329
184.8808
187.0607
177.8783
186.2725
186.8426
192.931
197.3857
173.8122
178.3402
176.6224
190.489
190.3855
182.22
185.298
182.2259
184.2948
185.1812
175.9233
177.4373
172.0684
172.6467
177.2889
164.5859
164.6323
169.6128
171.5393
182.5639
158.0384
170.855
169.7467
170.2992
171.9436
158.4372
161.5685
162.3616
170.096
172.8364
158.1053
162.6742
162.7078
167.2844
169.495
157.5167
161.8703
163.3089
165.5319
172.2237
156.8821
160.4526
162.5973
167.7352
172.4747
155.7758
163.4065
162.5119
165.1613
173.1452
160.0621
168.7099
169.0947
170.8609
173.1011
162.0064
162.6326
165.0397
169.3229
171.9984
162.1717
161.1807
166.8781
169.3917
172.4717
159.4855
165.4194
165.2247
170.5208
173.1951
161.0146
161.0401
168.3296
169.4547
171.7191
161.0169
162.24
172.1731
174.8503
177.1686
174.1888
176.4899
170.0107
183.9317
185.9924
167.9962
164.6083
176.3093
178.6199
187.3756
169.4877
172.3112
173.5546
178.289
181.2833
173.8893
183.8071
191.3308
179.131
186.6415
178.3558
166.2937
173.3637
182.2612
182.0737
168.3531
174.8871
184.7162
178.3261
192.5768
167.2039
175.0345
173.6533
185.9698
186.7408
170.0211
174.8876
177.1907
189.6309
179.1811
171.4699
170.2902
183.1074
190.3461
187.6958
160.9714
172.9097
171.6476
176.6144
192.6143
174.9234
164.9632
167.0499
171.4622
197.4089
174.2762
170.1683
172.1086
197.569
194.4962
169.7867
177.4716
178.2678
187.4657
190.4214
171.4487
178.1597
183.5375
189.9263
185.4394
168.5622
174.916
179.3748
185.7356
190.1014
174.6117
174.7092
182.1986
186.0018
176.4406
161.0067
163.6438
162.9662
166.7893
174.0399
159.4229
161.6819
165.4447
167.3016
170.461
154.967
158.5174
160.9173
165.614
166.7777
153.7591
156.8159
159.9355
162.1495
169.1206
156.1827
155.2567
160.9073
161.7565
167.8294
153.0326
156.6793
158.9276
162.2565
164.1951
155.5016
157.7961
161.3303
164.5107
167.3108
155.4504
156.2889
158.8202
164.3849
166.0346
153.7829
159.1613
160.9714
166.0304
168.0484
156.7014
154.4203
162.1884
163.194
167.1399
155.1205
156.3401
159.6159
165.3226
166.8668
155.8667
155.1674
165.3327
163.0265
164.7909
158.2247
161.3401
164.24
164.3956
172.3053
157.6897
159.7476
165.598
167.3221
170.2007
160.686
160.3862
161.4173
170.1526
170.1635
158.2445
159.7288
164.1731
165.773
171.4352
157.0939
160.2269
160.0962
167.9567
171.1771
156.8072
150.7462
155.3352
151.7862
150.5303
140.4484
142.6174
145.1923
149.8935
151.3678
137.9623
137.8972
135.3472
138.0136
135.0136
121.8961
123.8345
126.738
131.0937
132.9423
123.4275
124.0872
127.2575
131.2503
133.5909
121.6532
123.3528
128.0964
133.439
137.008
121.0116
125.1992
126.2678
133.3269
136.696
123.7781
126.2324
127.8223
133.2015
135.2465
124.2521
124.7371
128.9879
133.3047
135.5088
121.8459
125.0703
130.1279
131.3388
138.8866
140.2983
141.6152
149.0819
148.898
155.6348
143.6598
142.3905
148.4462
152.099
153.5929
159.0153
160.0487
164.4349
166.6137
171.6708
160.2697
163.424
163.678
170.4383
172.9083
158.8956
163.2594
164.0194
169.7122
170.4993
158.3055
159.0393
165.8015
166.6707
173.5658
158.3209
160.6198
166.1325
169.5156
173.4547
159.2594
162.246
162.0413
170.584
171.3157
153.4385
155.1417
152.5961
155.2301
152.5788
138.8539
139.8583
136.7821
136.8276
137.2719
124.7737
123.9285
128.7013
133.3066
134.7503
123.6717
126.4594
131.8203
132.6705
136.029
124.6031
127.3358
129.4444
133.7534
136.9103
122.8254
125.7521
129.6826
134.6171
135.2742
122.5126
125.2255
129.8972
134.637
135.9335
123.7519
124.8244
130.0196
133.7737
135.3209
124.6678
126.2235
129.9438
133.1604
136.1116
125.8231
127.411
130.1574
132.0071
141.7444
140.683
144.1702
147.5097
149.4033
155.3183
182.8916
179.0138
166.276
169.1813
171.8257
160.9247
163.6272
166.3543
168.8885
170.5016
161.2329
161.0542
164.694
170.5558
182.9042
166.5863
174.1791
162.3976
174.9096
175.0509
148.5805
145.8803
157.7173
148.8647
154.8383
146.6009
131.4213
141.5303
145.1818
145.3148
143.1811
139.8124
144.4211
151.4628
151.9352
133.0628
134.931
140.1877
142.3824
129.934
111.0962
110.5886
112.2061
114.5219
119.223
113.2769
117.3024
117.8953
121.7267
128.2098
104.7873
109.7595
112.2737
113.6046
117.9428
91954.2432501316
