times
9.6778
18.7189
27.8541
35.8407
44.8678
56.7609
62.8824
73.9924
82.9965
91.3905
103.4505
110.9729
117.637
128.0402
136.816
149.6824
154.6535
161.9898
175.8368
183.8318
193.166
201.3148
211.7998
218.5691
232.2847
244.8248
247.5448
258.1675
267.2531
276.425
282.9625
298.6677
300.0534
319.5973
328.3841
338.5438
338.7345
359.0323
362.1953
368.8891
389.934
395.9499
397.1383
413.9187
416.7324
432.3594
436.6351
440.0854
449.9363
463.443
427.2315
435.1308
446.4585
450.0079
462.5322
431.4795
433.2926
449.5436
458.1044
467.3245
427.7562
443.7327
444.8972
452.7473
460.5876
430.1964
439.9526
447.9359
454.604
467.7179
436.5934
436.3889
445.9651
457.2833
461.8566
424.0669
435.4196
449.7212
455.2643
466.9063
432.8387
435.4232
448.2728
457.9042
463.255
431.4278
437.3232
439.9266
457.8256
462.9018
433.9402
435.6017
445.3769
460.9739
463.4628
427.7638
439.5254
445.8514
458.039
470.2023
431.2996
437.3237
441.6896
461.4215
467.4685
437.0756
436.8897
450.5041
458.4584
468.4906
431.9983
439.509
448.9988
455.2876
468.5295
427.1538
439.0774
447.1535
456.1037
461.6027
436.067
439.932
447.6221
457.0317
466.8775
428.2533
441.7296
449.2746
459.7776
465.1102
433.016
434.7486
443.1486
454.3567
468.4526
433.4703
440.2699
449.2721
462.6926
468.569
425.5303
439.0368
446.7132
456.2264
468.9776
432.7048
439.2983
448.3904
457.6281
469.0531
430.811
435.2179
448.5004
459.7389
465.1152
428.1251
441.6385
456.8345
453.9639
470.7364
429.3753
437.9751
450.7008
450.0194
469.4372
430.2836
440.5672
450.8915
457.3883
469.0661
430.2641
443.9425
448.1236
457.4366
463.8444
430.9662
434.7233
442.7772
456.0324
471.7831
429.3992
428.0829
450.8464
456.1526
467.1168
430.5549
436.5057
447.7082
454.5598
467.3927
433.8985
437.4361
454.1753
451.8486
465.9463
430.995
436.5557
448.4865
461.2811
465.2277
435.4068
431.8917
444.5062
451.7245
468.7002
424.5063
433.4864
443.7025
463.256
468.0076
433.7271
441.6908
451.264
458.6591
470.4134
434.8461
436.8476
453.5685
453.5514
469.5957
431.6639
440.8526
451.0578
456.4558
468.9709
437.11
441.2094
446.8433
465.8666
460.5858
432.7111
438.8293
451.6569
452.4291
463.6931
427.0791
439.3222
452.4492
461.8127
468.5079
429.8206
438.5263
450.4181
456.9517
463.48
433.4001
443.6602
447.9009
466.1288
465.0918
431.3142
437.412
443.2723
455.1175
460.0181
436.0172
438.4965
446.3203
459.7424
470.7754
429.7185
442.6688
450.7659
457.3293
460.3884
438.849
441.0864
446.9285
466.2495
462.1557
431.0798
437.4175
446.7692
461.3315
465.1324
432.1999
436.4476
449.8055
458.0595
470.9538
429.4053
433.0129
441.8921
456.1594
471.9545
423.2739
446.214
445.9848
457.1085
466.8985
431.9211
435.5934
452.1298
454.2118
462.6722
429.8844
441.9026
445.582
451.1259
464.1476
427.394
436.8943
446.8643
452.2615
473.837
430.6781
434.4197
447.9677
464.0139
464.0787
435.1206
432.64
452.401
458.3576
470.4145
433.2116
438.5536
451.0403
457.4145
461.5711
430.6247
434.8688
447.3602
463.9385
465.6454
433.9754
439.7962
443.2864
457.1454
466.0921
435.351
435.8697
451.9219
452.9564
460.5778
428.4346
443.6625
451.0821
461.1785
464.2291
430.8401
431.9239
445.2883
453.8793
468.8756
428.8552
435.0317
450.1836
458.2048
464.6506
427.9336
438.3791
445.9708
461.5701
461.9554
427.3339
444.5284
443.9383
451.7535
469.5859
433.916
445.7246
451.3244
451.9894
467.939
437.6598
440.5054
445.8976
455.2027
464.9898
433.6126
440.1179
450.7324
454.8232
460.4781
429.0214
435.3087
445.4135
459.2151
469.7445
428.4044
438.3308
450.4422
454.631
468.0106
428.7118
441.0336
444.0847
461.9459
466.2137
433.3517
437.5551
448.4259
459.7404
461.7748
432.8923
444.7579
448.1987
452.3808
471.9387
439.7328
432.0284
453.0804
453.4609
472.5271
440.3187
436.0621
454.5005
467.5214
466.8176
432.3027
440.4692
447.5966
457.9632
471.9039
432.3257
438.404
445.1935
453.3427
467.3144
434.3397
438.8899
437.6893
461.4402
460.1514
430.5285
436.5129
443.6755
452.925
465.7953
432.7054
435.7733
446.5697
454.5961
461.6454
435.4079
439.4029
449.6215
457.5005
469.8934
429.5053
432.0356
451.0111
464.1106
463.3774
432.2423
439.1677
445.4537
455.3491
466.7766
424.5638
440.6476
446.466
451.9478
469.9219
425.4315
432.8158
450.9594
458.3062
462.2832
423.61
433.317
450.1702
456.1696
457.0424
428.3293
436.5691
451.092
453.9585
460.9699
427.416
435.2806
441.2145
458.6561
460.5229
431.8527
436.7177
444.4795
450.8413
468.3689
428.9675
432.3542
446.2961
454.2861
467.5894
429.9174
436.931
442.548
451.6299
464.4798
424.1354
432.9366
446.2561
451.8519
466.1396
439.9534
446.7317
445.9869
447.8463
467.073
252613.64001464844
