times
0.4587
1.062
1.4017
2.0216
2.3885
2.9591
3.5067
3.8487
4.3135
4.9756
5.3417
5.9162
6.4577
6.9314
7.2653
8.0331
8.1289
8.8976
9.5727
9.8228
10.2147
10.8505
11.5069
11.8694
12.5555
12.9294
13.3409
14.384
14.6651
15.6963
15.6681
16.9377
21.3576
18.0525
21.1692
21.4032
22.6525
20.6586
19.8276
20.189
20.779
21.5268
21.5453
22.0416
22.7343
24.6641
24.0941
26.0388
26.3755
26.7653
26.592
27.9019
27.8256
28.5128
28.3104
27.9792
28.6387
28.2335
29.3051
29.1109
32.2244
31.4892
33.1763
34.3837
32.2307
32.7405
32.4669
33.0325
33.4398
33.5042
34.4239
37.3159
36.5443
39.3299
41.5537
41.3467
43.7836
42.662
39.5882
38.3266
37.4528
38.0932
38.4901
38.6838
39.7328
39.7477
41.5519
43.6752
44.7005
42.642
42.7527
43.2833
42.7811
44.2954
44.9967
46.1219
45.082
44.7684
45.2204
45.4741
46.4917
47.4003
47.3591
47.5798
47.0058
48.8143
49.5687
51.4385
53.5743
51.593
52.7533
51.636
52.2274
52.1676
50.8952
53.0394
53.6231
54.3427
51.5721
51.4245
51.639
55.268
51.4345
50.6526
55.9164
53.8132
54.9683
53.9794
54.4837
54.4903
59.4735
57.6953
59.0082
55.9983
53.9348
55.7041
56.582
56.9338
56.4321
55.5346
56.3656
55.2852
56.9198
63.9623
60.1672
57.9331
58.2713
58.4469
56.5277
57.1891
56.9926
57.0076
56.0542
56.7912
59.8669
59.106
58.7599
61.4138
61.2688
60.5402
60.9281
61.1986
59.0007
58.3859
62.1492
59.5519
61.533
61.8128
60.9473
62.9108
64.0808
61.6482
61.9474
63.2556
64.2802
70.0081
69.4673
65.8293
61.368
61.3739
61.0019
61.5455
68.5029
67.6887
67.6382
69.9757
67.016
63.7633
63.6803
63.8294
62.6718
63.8397
64.7491
64.4349
63.5394
65.3573
64.5566
63.3995
63.6451
64.6821
9354.880223274231
