times
0.2294
0.5016
0.7161
0.9724
1.2047
1.4531
1.3983
1.4242
1.6047
1.4501
1.5249
1.5249
1.475
1.5379
1.4242
1.5169
1.3724
1.4332
1.4551
1.4332
1.4291
1.479
0.2344
0.5086
0.7051
1.0013
1.1619
1.5431
1.4881
1.7922
1.9617
2.1333
2.252
2.5163
2.6485
3.0454
2.9601
2.925
2.9232
2.9881
3.242
3.2334
3.0867
3.1835
3.1356
2.3797
2.3986
2.5362
2.64
1.9559
1.9428
2.0964
1.4392
1.7633
1.887
1.9807
1.8949
2.0884
2.1234
2.4046
2.1512
2.4006
2.634
2.8703
3.1695
3.0827
3.0828
3.1087
3.4548
3.6014
3.9205
3.8058
4.0721
4.3554
4.6059
4.5388
4.5311
4.5459
4.5062
4.5359
4.5199
4.5359
4.5349
4.4969
4.5379
4.5339
3.3511
4.3005
4.5748
4.3214
4.3653
2.3992
2.3565
2.286
2.5041
2.347
2.3368
1.286
1.5703
1.992
2.1089
1.115
1.328
1.5471
1.7453
1.8414
1.9315
1.8745
2.2311
2.3935
2.6513
2.5885
2.6249
2.8426
2.9088
3.348
3.2776
2.3906
2.3102
2.6915
2.8235
2.9964
2.8604
2.1341
2.0945
2.3018
1.5584
1.5732
1.6192
1.037
1.312
1.5367
1.8936
1.8072
1.3042
1.4855
1.5168
1.502
1.7245
1.6775
1.6785
1.9298
2.1722
2.245
2.3487
2.4774
2.5252
2.7088
2.7736
3.0698
3.0897
3.2872
3.375
3.4886
3.0449
3.1725
3.1735
3.2503
3.362
3.6672
4.1689
3.9534
4.13
4.1818
4.495
4.7713
4.2926
4.3374
4.4751
4.5299
4.7134
4.9448
5.0585
5.4564
5.6619
5.9939
5.234
5.4115
5.2629
5.5173
5.3407
4.3912
4.7293
4.7223
4.5728
4.3758
4.5426
4.627
3.592
3.7869
3.7954
4.0401
4.1909
2.2706
2.6017
2.6801
2.2615
2.2009
2.2571
2.2131
1.7268
1.7854
1.7351
1.7488
1.2519
1.2324
1.2389
0.5293
0.714
0.7222
0.7285
1.0539
1.3106
1.2961
1.5071
1.7758
1.7881
2.0249
2.248
2.4554
2.5005
2.5669
2.7677
2.9948
3.08
3.2546
3.4284
3.6619
4.1023
4.429
4.2452
4.3005
4.3289
3.3384
3.5232
3.5382
3.5645
3.4872
855.5735630989075
