times
0.6254
1.0277
1.593
2.0315
2.3936
2.9591
3.5934
3.9603
4.5429
5.0694
5.5202
5.972
6.5002
7.0143
7.3304
8.0176
8.4877
9.0717
9.4487
10.097
10.466
11.2549
11.604
11.942
12.4647
13.1428
13.6565
13.9938
14.7536
15.0548
15.6461
15.7788
16.5398
16.7592
17.5042
17.7615
18.1016
18.5265
19.1688
19.6437
20.2608
20.303
21.0966
21.3469
22.056
22.534
23.2419
23.7106
23.4894
24.301
24.4795
25.2535
24.7678
25.1866
25.0022
25.069
24.9832
25.3779
25.5745
25.4002
25.419
25.3205
25.4799
25.4509
25.7941
25.2547
25.1238
25.0769
25.5846
25.7302
25.4889
25.4639
25.1976
25.6165
25.4779
25.6125
25.7432
25.6026
25.5946
25.2884
25.5545
25.7671
25.6904
25.4452
25.7402
25.5697
25.9137
26.0494
25.2487
25.3585
24.8895
25.0999
25.6664
25.423
26.8831
25.6811
25.6295
25.0361
24.5616
25.5487
25.2894
25.6225
25.5218
25.4671
24.4985
25.0551
24.6162
25.2146
24.5065
24.8047
24.7089
24.6422
24.8815
25.0063
25.3662
25.4749
25.8648
25.3183
25.2226
25.414
25.2036
25.5826
25.5308
25.7013
25.7352
25.6753
25.7013
25.6377
25.1508
24.9244
24.9274
24.9643
25.2545
25.4282
25.6415
25.5028
25.2505
25.8679
25.4749
25.4929
25.437
25.4579
24.8955
24.5444
25.2545
24.9563
24.9823
25.0132
25.3145
24.4935
24.9453
24.694
24.8466
24.6811
24.4696
25.033
24.8047
25.1529
25.0072
25.2397
25.7691
25.3073
25.6006
25.3782
25.455
25.5647
26.0324
26.5859
25.4083
25.5578
25.6743
25.3702
25.5826
25.5757
25.1638
25.0261
25.428
25.2156
25.2206
25.495
25.142
24.9124
25.5258
25.4909
25.8788
25.5547
25.3325
25.0294
25.2396
25.4789
25.5457
25.4819
25.6618
24.7775
25.045
25.3685
25.421
25.2865
24.7798
25.068
25.14
25.7332
25.1727
25.3465
25.128
25.7801
25.6106
25.8222
24.3559
25.7444
25.798
25.795
25.6315
25.4151
25.8589
25.6604
25.0891
24.6023
25.1498
24.6401
25.4131
25.4721
24.9025
24.8915
25.1039
25.4889
25.4192
25.6083
25.6494
25.6568
25.8549
25.4771
25.0979
25.1109
24.9274
26.7212
25.3602
25.816
25.573
25.076
24.7987
24.8251
25.5938
25.1997
25.5459
27.0597
25.9048
26.799
26.2588
24.6205
25.1039
25.4182
25.7023
26.0444
26.0803
26.0165
25.7004
25.7556
25.7153
25.4839
25.7242
25.5278
25.8788
26.1511
25.2525
25.4033
25.432
25.0161
25.1069
25.3764
25.9642
25.8798
25.6646
24.7808
25.789
26.5261
25.799
25.6334
26.0375
24.6591
24.7488
25.0121
25.3692
24.9174
24.6841
24.9922
25.5781
25.3831
25.0001
25.084
24.7708
25.0201
25.8848
25.7053
25.4929
25.4739
25.3034
26.1411
25.4081
24.8815
26.1251
25.3562
26.0705
29.2353
25.8918
25.6515
26.191
25.5975
26.0534
25.8841
25.1737
25.8242
26.1561
26.1661
25.7043
26.0084
26.0495
25.6496
25.0022
24.9393
24.6733
24.8478
24.7179
24.9523
24.8127
24.7947
24.9144
24.9952
24.7698
24.9384
25.451
25.3223
25.8199
25.4839
25.7621
25.3991
25.6895
24.9702
25.0163
25.2567
25.5339
25.4549
24.9213
25.0281
24.7917
25.2455
24.9353
25.1099
25.1062
24.8675
25.1669
25.6594
25.7771
25.5357
24.6551
25.1956
24.6391
25.1598
24.6361
25.6711
25.5018
25.3313
25.7661
25.3183
25.3484
24.8346
25.3823
24.9001
9307.157513856888
