times
0.2314
0.4857
0.7051
0.9993
1.2127
1.4471
1.4132
1.4102
1.3993
1.3933
1.4192
1.4093
1.4003
1.4312
1.4013
1.484
1.3763
1.4252
1.4112
1.4242
1.4302
1.4242
0.2284
0.5106
0.7111
0.9784
1.1808
1.4122
1.4551
1.7563
1.9428
2.1323
2.2061
2.3956
2.603
2.9182
2.8277
2.7985
2.8843
2.9032
3.0967
3.1865
3.1117
3.0768
3.2473
2.4096
2.3777
2.6051
2.595
1.9019
1.9079
1.9488
1.4501
1.7004
1.8828
1.9109
1.9229
2.0904
2.1413
2.3926
2.1612
2.4516
2.598
2.7826
3.1097
3.0189
3.0509
3.1406
3.3471
3.6004
3.8278
3.7729
4.0153
4.3105
5.054
4.6366
4.501
4.5578
4.5299
4.9369
4.7816
4.5508
4.6855
4.6244
4.6845
4.6744
3.4329
3.275
3.4308
3.3331
3.365
2.1553
2.1433
2.1034
2.1363
2.1024
2.1423
1.1868
1.4242
1.7294
1.9198
0.9485
1.2028
1.4501
1.4192
1.6636
1.7094
1.6955
1.9209
2.1044
2.1582
2.3736
2.4155
2.634
2.643
2.8434
2.8992
2.1353
2.1483
2.3906
2.5482
2.632
2.5432
1.9308
1.9498
2.1034
1.487
1.4501
1.4382
0.9365
1.1729
1.4621
1.6925
1.6649
1.1589
1.4192
1.4541
1.4491
1.6716
1.6566
1.6496
1.9159
2.0814
2.1193
2.1832
2.3747
2.3747
2.597
2.6669
2.8624
3.015
3.1217
3.2884
3.3102
2.9511
3.0409
3.0179
3.1306
3.3581
3.5974
3.8677
3.7969
4.1698
4.0581
4.4222
4.5728
4.0871
4.2486
4.2337
4.3444
4.5279
4.8171
4.9568
5.2799
5.4664
5.7088
5.0206
5.3168
5.1642
5.2839
5.222
4.2596
4.5518
4.477
4.4202
3.8776
4.1479
4.2217
3.4059
3.5355
3.6123
3.813
3.8926
2.1343
2.3577
2.3766
2.1104
2.0865
2.1206
2.0565
1.6546
1.6665
1.6565
1.5957
1.1609
1.1479
1.1918
0.4967
0.6852
0.6812
0.7121
0.9445
1.1242
1.1898
1.4252
1.6685
1.6506
1.9079
2.1602
2.3686
2.3757
2.3297
2.6319
2.7885
2.8973
3.0868
3.0848
3.3102
3.4877
3.8816
3.9843
4.0083
3.9484
3.1007
3.2812
3.2862
3.3281
3.2713
817.7998712062836
