times
3.6385
6.1976
9.1854
12.1046
15.8868
18.3978
21.4776
25.7734
27.7259
30.0424
33.7219
36.5982
38.8271
41.7504
46.6944
48.8923
52.5535
53.6189
56.7252
60.7257
62.3613
65.8602
68.0142
72.28
75.9781
82.311
85.9346
84.0158
87.1087
92.7415
94.3061
96.2277
101.618
103.5164
105.3868
109.0692
111.2393
114.4729
117.3467
122.2163
129.1174
128.1377
130.9426
133.3933
138.124
150.0891
147.9708
149.9929
150.9469
155.4018
153.4065
155.5355
162.1656
164.7672
172.547
170.0488
167.0536
168.4139
169.26
169.5321
166.075
165.6853
164.4975
167.5673
147.9371
147.0141
146.2526
147.8078
146.3638
147.2701
145.0443
145.7095
147.0783
144.5552
128.3337
125.0064
124.02
125.0093
125.0516
124.8718
124.4292
124.6016
97.8023
95.027
96.2179
94.3549
95.3025
95.0316
95.3282
81.7119
81.5209
81.2421
80.8253
49.7793
48.007
49.0492
47.6889
49.1245
33.656
34.4936
33.4591
21.836
25.019
27.9637
30.443
16.7961
18.5694
22.2323
24.7758
27.3361
31.794
33.679
37.0011
39.9708
42.5066
47.3435
50.2413
52.3721
55.2443
58.1448
62.2396
64.6167
68.0677
66.5772
66.6588
69.8241
74.1811
75.9342
78.3357
81.8706
86.5583
88.7595
90.5206
95.8685
99.2311
100.4312
104.1166
106.6091
110.3763
113.2359
111.8939
110.3866
113.3311
109.2825
112.3457
110.0271
110.0785
99.8658
98.9497
100.1102
98.2062
99.0425
84.8863
83.3327
84.2159
84.9736
83.7736
68.6397
69.6221
69.5956
68.3208
68.2885
68.3838
70.0869
65.8806
65.0781
65.4331
65.0274
65.4105
65.4012
65.1558
65.1073
47.9533
47.1996
48.5645
47.7125
48.0126
46.9657
47.8654
43.1734
41.2857
42.0556
41.1073
31.0829
29.8393
30.2793
29.7377
29.3197
30.307
18.6502
17.5993
18.4698
18.35
18.4948
18.0288
3.8813
6.218
9.9424
12.4557
15.1781
18.5575
21.2293
24.2933
24.3509
28.111
30.4615
33.1117
36.3668
39.452
42.1568
44.6569
48.2028
51.8995
54.4701
56.9949
58.9205
60.4175
63.2217
66.7107
70.9666
71.4967
71.8803
71.9469
75.7469
76.339
78.0099
80.3884
86.512
86.5785
91.3049
94.2458
97.3508
101.9678
104.9316
106.9449
109.2033
112.0295
115.1412
116.898
123.1172
126.4811
126.6231
127.3609
130.1817
133.7507
129.8228
130.2149
132.3612
133.4123
136.0454
137.3881
139.6458
129.2989
129.0115
132.5253
113.1028
109.7122
108.879
109.612
108.1151
108.6949
103.7322
103.0736
103.9806
92.9979
96.3788
100.2134
101.2176
103.3389
108.4068
96.2096
94.6987
95.8232
96.3615
99.3248
100.4233
87.2201
89.8431
91.4568
92.8769
74.9168
76.6653
80.7806
83.057
86.8522
87.8981
89.7009
92.8801
91.9783
92.5636
93.7587
98.4473
86.6887
86.1789
90.0549
94.2665
98.4791
99.0128
102.0476
90.0567
88.6919
80.9322
80.6668
79.3742
79.5993
80.7434
80.5707
80.3367
79.902
81.3765
79.394
80.5501
80.4976
80.8727
79.1461
80.9481
79.1346
78.9839
63.551
62.433
62.0964
62.4641
63.0485
62.118
57.7738
57.3322
55.9234
56.4332
56.4781
56.7166
56.4952
48.4259
48.7744
47.526
48.6178
30.4616
29.54
22.1409
20.7527
20.987
2.8554
6.9805
9.2443
9.1904
12.706
16.5527
17.8969
17.8054
18.348
18.4791
18.9675
21.9902
24.8885
27.5922
29.998
33.5595
36.239
35.4199
36.0327
40.137
41.7127
45.0081
44.7174
44.9112
48.3537
46.9517
47.894
50.5559
52.2137
54.4854
53.588
52.9197
52.5675
53.7251
53.6347
53.5679
54.1821
53.9387
53.1557
52.7474
52.2414
54.1047
42.4854
41.3421
40.5157
42.293
41.176
39.102
37.7441
38.8552
33.5463
32.5849
18.9467
12.7829
11.963
15.1296
15.331
18.0318
21.1684
18.8049
20.715
20.938
24.4362
24.345
26.932
26.7405
21.712
21.0956
23.9382
24.2953
24.6391
24.3789
27.6445
30.52
29.7764
29.9124
29.8674
34.3185
35.3595
38.7161
39.2251
38.3688
37.8937
38.3914
37.9027
38.5552
38.3367
37.9496
38.2248
38.4442
38.529
37.5681
38.0654
38.5713
37.2445
38.518
38.7983
38.8422
39.7508
38.2472
37.9039
38.7604
37.4631
38.6299
38.3488
38.0677
38.7535
37.8321
39.1284
30.5513
29.8482
28.9935
20.9752
20.577
20.8481
20.6171
20.8561
18.5826
18.0764
17.6331
17.5919
18.2343
17.5381
12.9747
11.8264
12.4776
11.985
11.9331
12.2303
11.957
11.988
12.2076
9.7759
9.2692
8.9999
9.1415
3.9405
3.1576
6.1256
6.1814
6.4787
6.2526
6.731
6.0368
9.1725
8.8503
9.1627
8.9042
9.3101
11.9949
11.8813
12.4846
15.7042
15.5628
15.1735
15.3908
18.8219
18.9123
18.3649
18.4008
17.8344
18.1247
17.6757
18.0419
18.2317
17.8582
19.3144
18.1415
18.4108
39659.099609375
