times
3.7561
6.4358
9.4807
12.4218
15.9504
19.095
22.2056
25.7915
27.6062
31.0544
34.0555
37.2337
40.1375
42.9507
46.7092
49.0304
51.4151
54.871
57.7377
59.9698
62.8971
66.2982
69.2022
72.2723
74.5104
74.9738
74.6315
74.6328
73.3214
75.8566
74.2837
75.2893
73.9941
74.4778
74.5724
75.4119
74.875
74.261
73.748
74.825
75.3042
74.1026
74.0278
74.4368
75.2176
76.2121
75.5184
73.6055
73.4866
75.6512
74.6979
74.6366
73.7541
74.307
75.4643
74.8015
74.8101
74.0697
75.4503
75.7179
74.2633
74.2808
74.2998
74.4661
54.6181
57.8726
60.7489
63.1576
67.48
69.267
72.3442
75.3909
78.6541
80.6963
63.6103
65.8392
69.1202
71.6848
75.0482
77.114
81.6783
84.1803
56.4174
57.1064
56.6149
55.8946
55.837
55.7998
56.1053
57.855
55.7901
55.9704
55.9934
56.8997
56.3077
56.4023
55.7012
55.3341
57.6384
56.6029
56.4172
57.7616
56.313
57.2984
55.7809
56.8206
55.6184
56.8909
55.6166
56.7025
57.3302
56.2627
56.6419
55.9352
55.4298
57.1901
28.2245
26.9103
26.645
26.6871
27.1953
26.8616
2.8943
6.8417
9.5116
12.1784
15.7641
18.6172
21.1684
23.9141
27.7122
30.4588
33.9463
36.2553
40.0015
41.2128
42.2511
41.545
45.4016
48.4367
51.4445
51.2745
54.3288
56.6839
60.4751
62.6319
65.622
70.1041
71.4286
75.8413
77.7594
80.882
83.5392
82.8148
83.1154
83.9284
83.499
83.5422
83.4908
82.9339
84.7932
83.2303
83.5987
83.9854
85.9355
88.0014
90.1821
93.293
97.0833
99.8239
102.4912
104.2617
106.9096
106.3311
107.5632
107.8557
106.233
106.8726
106.0285
97.4725
94.1067
95.9211
95.3601
83.3459
82.8411
82.8201
81.8178
84.3259
82.0557
72.3995
70.5817
72.3075
70.6019
70.521
71.7069
60.0156
60.1007
42.9292
40.8698
42.4688
41.4674
41.6263
42.1016
41.9309
27.8984
30.1235
33.0506
36.2163
39.2501
41.881
45.305
47.9538
51.8833
49.9635
50.5111
51.5771
51.4266
50.592
51.4983
27.2914
27.1175
26.6129
26.8273
27.2183
27.0158
26.8452
27.4416
27.6174
27.4847
27.0808
26.5612
27.7658
28.2307
26.7607
27.001
27.4299
27.2592
26.7028
27.396
27.9991
28.4152
26.6258
27.2132
26.7627
27.319
28.4031
26.822
27.005
26.5982
27.4483
27.0507
26.6967
28.3933
26.709
26.6767
3.9794
6.4697
9.1047
12.7392
15.0971
18.5953
21.9635
20.9929
21.1275
22.0493
20.6358
21.312
21.4637
20.8203
21.3442
22.4759
20.6949
21.6092
21.345
20.8842
21.3678
22.1777
24.2772
27.0557
30.8525
34.4303
35.8372
39.8747
42.4886
45.5734
48.6682
50.7593
55.21
57.9663
60.7838
62.3703
65.7654
71.2402
72.1614
74.8919
77.8313
82.4959
83.887
87.0684
90.6318
93.0562
93.1655
94.7623
97.7808
99.3393
103.8668
108.4663
109.8355
94.4617
97.1071
99.5803
103.4302
107.289
112.7523
113.2428
114.9922
118.5623
120.5377
127.9038
126.3623
129.11
131.5141
136.8979
139.5898
145.6956
144.3052
147.0038
150.4965
154.327
154.7689
160.6691
152.4298
154.5646
155.7174
157.2066
141.5104
141.2639
125.7747
122.9127
124.9725
104.0166
102.669
102.7289
102.3547
103.789
100.8037
100.5461
100.187
105.9421
100.9482
82.5913
84.9679
72.291
66.7369
69.179
68.2576
70.7338
68.0391
67.048
55.0721
53.017
35.9933
34.79
35.6589
15.4108
15.2323
18.0275
22.5769
24.6304
15.5371
17.9377
22.0202
24.3789
29.6021
30.3678
34.0811
36.7378
42.0755
43.7602
46.9565
50.8014
51.5595
56.8416
56.7164
59.4496
65.0132
67.2908
69.2723
68.6421
71.6779
72.4302
75.7716
76.8218
80.7473
83.2168
83.8244
87.3836
90.2472
95.9324
96.0572
102.1282
102.2078
106.8308
109.3967
113.7359
112.9331
105.1502
111.6809
111.4333
115.3373
105.3802
110.7612
111.4539
106.4801
106.4452
110.3985
113.0991
97.9231
99.6446
104.0854
94.0651
91.8216
96.1139
98.7066
105.96
105.7941
110.4701
112.2551
116.6896
121.1218
124.5056
124.7935
125.788
132.1322
133.3514
137.0504
141.3348
145.2369
134.7743
136.2483
135.4197
134.7272
138.7303
134.3567
136.282
136.8809
137.6987
135.2951
136.8538
124.4927
122.9597
125.5917
109.3691
108.4099
112.7316
117.5769
123.6884
110.41
112.4949
115.8156
122.6184
120.8956
125.6602
120.6941
119.6292
124.0705
130.0994
131.0292
135.6403
140.1437
142.7226
147.2201
143.6176
134.1864
135.2305
134.9431
129.9234
136.5343
131.9655
137.2902
115.9956
119.2929
95.6934
100.262
101.2177
102.0445
109.4441
111.1923
114.6537
116.3081
121.7342
124.4014
124.2806
130.3641
126.2472
131.7283
130.5341
113.9003
117.2004
120.7073
126.2373
122.7647
125.4808
127.7267
129.7284
140.0082
122.6433
122.328
122.8354
47563.95820975304
