times
0.2254
0.4967
0.74
0.9844
1.2137
1.4531
1.4322
1.3933
1.4272
1.4571
1.4152
1.4392
1.4362
1.4471
1.4052
1.4521
1.3893
1.4352
1.4132
1.4381
1.4322
1.4331
0.2304
0.4887
0.743
1.0014
1.1838
1.4633
1.493
1.7244
1.9408
2.1093
2.236
2.4165
2.6619
2.8564
2.8524
2.8703
2.8953
2.9043
3.0788
3.1246
3.1137
3.1067
3.2354
2.5143
2.3776
2.633
2.611
1.9388
1.864
1.9757
1.4282
1.7274
1.869
1.9239
1.9368
2.1323
2.1413
2.4195
2.1801
2.3916
2.6689
2.8444
3.1865
3.1207
3.0448
3.1047
3.4039
3.6093
3.8996
3.8537
4.0911
4.3185
4.6097
4.5519
4.4491
4.5199
4.6366
4.5489
4.501
4.5269
4.5359
4.6516
4.4391
4.5149
3.2722
3.2813
3.352
3.35
3.3511
2.1153
2.1662
2.0934
2.1333
2.0864
2.1712
1.1789
1.4322
1.7104
1.866
0.9554
1.2247
1.3993
1.4331
1.6217
1.6925
1.7124
1.9229
2.1054
2.1831
2.3487
2.3587
2.5951
2.6519
2.8075
2.8574
2.1572
2.1094
2.3856
2.5821
2.5831
2.5562
1.9049
1.852
2.0954
1.482
1.4401
1.4102
0.9245
1.1729
1.4192
1.6987
1.6705
1.1818
1.4222
1.4342
1.4362
1.6845
1.6905
1.6247
1.9219
2.0894
2.1333
2.1662
2.3507
2.3537
2.5641
2.6978
2.8923
3.0329
3.1057
3.2583
3.3251
2.9242
3.009
3.0481
3.1047
3.2713
3.5655
3.8727
3.8128
4.0232
4.0193
4.3554
4.5239
4.0941
4.2048
4.2068
4.2865
4.5847
4.8052
4.9478
5.3607
5.5194
5.7925
5.0655
5.2978
5.1552
5.2649
5.1652
4.3195
4.5289
4.5189
4.5668
3.9534
4.0941
4.2618
3.4518
3.5066
3.5645
3.8457
4.0342
2.1502
2.3697
2.3059
2.1433
2.0994
2.2031
2.0924
1.6596
1.6785
1.6626
1.6376
1.1619
1.1479
1.1819
0.5027
0.6822
0.7161
0.6991
0.9904
1.1948
1.202
1.4162
1.6725
1.7025
1.8949
2.1412
2.3756
2.3826
2.3966
2.8105
3.1994
3.0738
3.2154
3.2942
3.6173
3.5745
3.8068
3.9963
4.0412
4.0083
3.1197
3.2942
3.2992
3.3301
3.3271
818.3401072025299
