times
0.2194
0.2623
0.2274
0.2613
0.2274
0.2733
0.2324
0.4807
0.6991
0.9574
1.1609
1.4302
1.4132
1.6137
1.6955
1.887
2.1313
2.4325
2.5711
2.5921
2.7496
2.8883
3.2174
3.2283
3.3381
3.6768
3.9076
4.0143
3.1346
3.5066
3.6722
3.7031
2.7327
2.8953
3.1555
2.8015
3.0479
2.8145
2.8733
2.8554
3.0778
3.1416
3.1007
3.0539
3.1266
2.3407
2.3946
2.5522
2.6051
1.9059
1.9239
1.9617
1.4172
1.7034
1.8979
1.884
1.9298
2.0724
2.1472
2.3517
2.1473
2.3776
2.6739
2.8374
3.1535
3.0598
3.0369
3.0867
3.361
3.6642
3.8507
3.8427
4.0572
4.3115
4.5129
4.5022
4.5718
4.494
4.6077
4.5339
4.6306
4.5638
4.5249
4.477
4.6226
4.5359
3.371
3.3736
3.394
3.371
3.3441
2.1193
2.1672
2.1612
2.1303
2.1263
2.22
1.2158
1.4561
1.6665
1.9468
0.9754
1.1928
1.4172
1.4721
1.6964
1.6795
1.7703
1.897
2.1373
2.231
2.4076
2.4086
2.6679
2.6659
2.9471
2.7865
2.2031
2.1901
2.5332
2.6948
2.632
2.61
1.9069
1.9628
2.1233
1.4471
1.49
1.4511
1.0013
1.1619
1.4501
1.7035
1.6516
1.2377
1.4451
1.4341
1.4122
1.7154
1.7024
1.6466
1.9079
2.1103
2.0964
2.1811
2.3278
2.4105
2.6768
2.8663
2.9621
3.0907
3.1176
3.3401
3.3899
2.9381
3.1276
3.0219
3.1825
3.4049
3.5684
3.7989
3.9794
4.0133
4.1
4.3603
4.5937
4.094
4.2855
4.3045
4.3075
4.5409
4.8221
5.0196
5.3118
5.5442
5.8633
5.1682
5.2011
5.255
5.1911
5.2292
4.3943
4.491
4.5269
4.5149
3.8517
4.0891
4.2078
3.4338
3.5336
3.6253
3.8248
3.8507
2.1552
2.3986
2.3647
2.1229
2.1463
2.1583
2.0894
1.6586
1.6257
1.6486
1.6855
1.2207
1.1978
1.1549
0.4887
0.7141
0.7191
0.7111
0.9515
1.2088
1.2018
1.4262
1.7084
1.6466
1.9308
2.1652
2.3557
2.4076
2.4275
2.7208
2.7686
2.9641
2.9681
3.1795
3.4478
3.5964
3.7679
3.9853
4.2038
4.1609
3.1456
3.5206
3.3042
3.3347
3.2094
849.3340582847595
