times
0.4488
1.0253
1.479
2.0276
2.5302
2.9421
3.5226
3.9056
4.3852
4.9598
5.3238
6.002
6.3371
6.9514
7.3494
7.7842
8.4115
8.8713
9.4228
9.8576
10.1728
10.7742
11.3397
11.6977
12.2822
12.8995
13.1558
14.1123
13.9308
14.578
14.6768
15.9723
16.58
16.3792
17.1202
17.6847
18.1375
18.8038
19.3854
19.9642
20.0196
20.4643
21.346
21.4948
22.2854
22.6804
22.4639
23.0334
23.6278
24.2941
24.8067
25.1358
25.8509
24.8057
25.0899
24.9862
25.1338
26.173
26.7614
26.8687
28.1238
26.1808
26.2835
25.313
25.3851
25.3612
25.6614
26.7436
25.8546
26.0484
26.0613
26.4244
26.7666
24.9771
25.6133
27.4596
26.0424
26.1692
26.6348
25.7434
25.8423
27.3623
27.5532
26.2751
28.5859
25.6233
25.784
25.7552
26.1626
25.9489
25.8873
25.7761
26.2758
25.8958
26.11
25.9339
25.5158
26.4225
26.3923
26.2065
26.3888
26.3511
26.1981
26.3693
26.2121
26.678
26.2156
27.7319
27.499
27.6413
26.3883
25.4599
25.7124
26.3466
26.2937
26.2299
25.6763
25.6166
26.0384
26.3575
25.9279
25.2655
25.1897
25.9636
26.7385
26.3934
26.5181
26.7994
26.5141
26.2788
26.4044
25.8619
26.9749
26.945
26.3097
26.4473
25.9786
25.9197
25.8888
26.4014
26.4383
26.3994
25.9996
26.1829
25.9661
25.5038
26.7989
26.1272
26.6152
26.2432
26.3904
26.6165
25.8818
26.4384
26.6713
26.2548
26.771
25.8788
27.0966
26.9067
26.8814
25.9041
26.238
27.1637
25.1946
25.2824
25.5886
24.9413
25.0121
25.4611
25.6375
26.0825
25.8863
26.1705
25.6385
25.7312
26.1618
25.9711
25.5265
26.0061
26.6446
26.2317
26.4291
26.1862
26.0244
26.4423
26.7395
25.9935
27.5355
26.7719
25.5029
26.6119
27.0499
26.704
26.3067
26.8264
27.0343
26.9143
26.8887
27.2661
26.7834
26.1203
27.1081
26.0296
26.7627
27.1673
26.2642
26.1732
26.5616
26.5246
26.7665
27.4686
27.117
26.1638
26.175
27.7588
26.2259
27.3516
27.1444
27.3705
26.5482
26.2538
27.4296
26.1102
27.0351
26.4155
26.4883
25.9842
27.2354
25.4855
26.5191
26.7841
25.8255
26.5939
28.0899
26.5848
26.047
25.9057
26.2588
26.3206
25.7531
26.7455
27.0018
27.1584
26.7357
25.9369
26.5286
27.6062
25.8335
27.9632
26.3336
26.0853
25.811
26.8871
26.3466
26.2623
25.5722
26.1771
25.6741
25.8998
25.9504
25.5258
25.9367
26.0204
25.5068
26.3636
25.8828
26.5351
25.6963
25.9467
26.3261
26.8348
29.143
26.2546
27.017
25.789
26.7209
26.5079
26.4732
27.3419
26.8328
27.0751
26.9368
26.7232
26.7027
26.5729
26.9734
26.5257
27.2354
27.2162
27.3376
27.6987
27.4314
26.869
26.8505
26.9268
26.7836
26.6361
27.3805
27.3519
27.394
27.6022
27.1915
27.2555
27.2692
27.602
27.3299
27.365
27.6671
27.1677
27.2189
27.6982
26.8047
27.096
26.7246
26.4245
27.0238
26.3248
27.3336
26.6913
26.8167
26.7233
26.8151
26.939
26.8587
26.6994
27.0752
26.9784
26.9743
26.6815
27.5032
26.8765
27.3227
26.435
26.9726
26.5789
26.6186
27.1102
27.0978
26.6429
27.778
26.5258
26.9521
26.5761
26.9993
27.1355
27.3327
27.667
27.2868
27.672
27.2438
27.6218
27.4903
27.2694
27.6268
27.4042
27.0907
27.3122
27.086
26.9536
27.3388
26.669
27.143
26.5671
26.4123
26.5742
26.7872
26.4521
26.8296
27.7858
26.9673
27.0531
27.0809
26.8991
27.2792
26.911
26.9378
27.6566
26.9628
27.362
27.0743
27.3056
27.6406
27.0852
27.0528
27.2249
27.2146
27.398
26.796
27.0439
27.1825
26.9894
27.0382
26.9747
10392.51326918602
