times
3.9328
6.6422
9.7581
12.8699
15.8336
19.1129
22.5098
26.1112
24.8406
24.2641
24.8186
24.9164
24.2661
24.1126
25.3432
24.5674
24.3419
24.7129
25.3074
24.5085
24.6989
25.2744
25.061
25.2934
25.2006
24.688
24.4636
24.3798
24.6621
25.6255
24.9892
25.0072
24.9353
24.3759
24.3329
24.9304
24.9404
24.5484
24.3669
24.8665
25.3721
24.5474
25.1278
25.1318
24.7778
26.1181
24.4078
24.9633
25.2296
26.0324
24.8159
24.9374
25.0211
24.9842
24.9054
25.903
24.4467
24.706
25.9981
24.7468
24.682
24.5783
24.5604
24.9223
3.7233
6.6043
9.4549
12.6881
12.1764
12.7709
15.4679
15.74
15.3142
18.9613
22.9761
24.8096
24.7768
24.4526
24.703
27.7842
30.5982
34.0432
35.2298
36.9851
36.4925
38.9788
39.9382
41.9399
43.3873
48.0525
50.194
50.503
53.148
56.357
58.2269
58.2313
57.6649
57.4205
58.4889
59.127
60.7017
63.611
64.3044
65.3282
68.2887
71.3914
71.4041
73.8208
74.9219
78.7066
84.654
84.8178
87.1197
90.3824
90.3176
94.3634
77.1018
79.1963
82.4785
85.2394
85.9242
88.278
81.0487
81.4074
81.5392
82.3431
71.7606
73.2126
75.1432
80.0334
73.1806
76.1535
76.4872
77.8468
78.2862
80.1001
81.2558
80.4766
81.9622
84.1429
84.545
83.7522
84.2202
90.3127
92.8229
95.6723
95.2589
87.989
88.6111
91.8625
92.4405
97.8258
86.6208
87.3626
86.7521
87.8162
89.7882
82.3658
85.6781
85.3127
85.5403
87.2447
87.6389
84.7225
85.0417
86.2156
86.1367
90.9132
90.2284
92.9355
92.4555
98.9271
86.5346
84.8402
87.5031
88.2062
89.7048
92.1347
92.8773
90.9053
92.2209
91.0098
95.7603
87.0483
88.6911
91.671
92.6606
91.7172
94.3233
88.7867
90.512
92.7313
97.6817
98.1766
101.6056
95.1177
98.9588
89.0827
89.6756
90.7593
95.0129
96.4633
96.8613
97.2802
96.5831
96.2997
100.5846
104.1054
106.3387
106.0914
104.6465
105.4137
100.242
100.9883
102.6489
100.237
99.993
102.511
104.339
94.9074
96.6416
97.7512
101.0949
101.6741
104.5555
105.2464
110.006
101.5013
100.6365
98.8122
99.6369
99.1381
95.1106
94.4475
96.4671
96.4741
97.4824
98.1807
101.2424
98.8806
85.0532
84.9287
87.209
90.5723
93.5752
99.9066
91.8502
94.8373
96.4491
102.6168
102.0664
102.4912
100.522
99.8612
99.3699
89.1508
91.4735
93.3839
94.2874
97.8338
97.7924
95.6264
94.7637
95.9605
95.6953
92.8751
90.8638
93.3696
91.8811
92.8019
75.5573
77.3125
77.5407
80.7954
81.7525
84.4754
87.1024
87.9349
90.6425
93.9365
85.4536
86.1674
86.5972
86.6773
90.7269
92.6406
97.998
97.8663
100.949
101.439
103.2472
105.6763
95.0635
95.7622
99.4445
98.7803
101.2169
104.1381
107.6297
96.7421
91.898
92.1523
91.1118
95.8515
96.5174
94.8088
100.612
98.7718
89.2658
84.5215
87.9809
88.3172
90.7586
84.9865
87.4257
88.13
85.945
84.5253
88.1394
82.9393
83.891
85.0656
84.8651
86.216
74.2144
71.9401
70.852
73.4706
79.8611
78.3663
79.0906
71.1259
76.7178
76.5559
82.6506
70.4861
71.6742
63.4595
66.0606
68.572
50.7435
52.2553
53.5779
57.3698
67.7826
60.735
62.8478
68.9071
68.4098
70.8516
64.2002
69.2705
70.5969
67.9563
69.6352
73.8825
74.3837
72.869
74.279
67.9972
67.7499
70.0437
70.5724
74.3891
70.281
74.0381
76.3957
77.9922
80.157
73.1033
74.9256
76.1543
81.0034
79.9444
82.1198
81.2293
82.3425
74.4823
77.1996
77.206
76.6561
76.1714
66.4101
66.4266
65.2636
66.288
64.7768
52.4055
53.4408
51.7888
46.9696
46.2434
38.2964
37.8796
41.0682
43.2415
47.022
47.2159
46.7191
41.6431
41.7564
40.526
40.5978
40.401
41.0476
41.0986
32.6551
35.1879
37.6294
40.8578
35.0024
39.0975
41.2228
38.91
40.8609
42.4767
43.2925
45.4515
44.0941
46.9724
48.2321
50.7923
53.4567
53.327
56.5877
56.4962
58.8507
63.2726
64.7849
70.2144
65.1508
65.8569
68.4595
70.1774
73.9126
77.3305
75.1764
80.6083
87.5287
83.1185
82.8435
87.2564
90.0408
96.6845
95.4053
96.9629
99.32
101.232
104.7111
96.9304
94.6438
98.6726
100.6529
99.2667
97.0659
100.0355
97.3965
90.1826
91.9005
91.3073
92.3502
91.351
93.8934
86.1352
85.5655
87.93
90.4608
90.5523
95.8162
96.5454
98.7474
100.5954
96.7858
98.6451
103.1701
101.4862
105.5352
108.8063
107.7734
109.8578
101.9483
99.8283
88.7488
87.0631
88.7037
89.2337
90.301
93.9339
93.6926
96.0454
99.1845
101.8338
105.3635
81.703
77.3334
76.4992
77.451
74.4742
74.5211
75.2898
78.3855
79.3914
79.308
80.8718
83.7674
85.2632
76.5583
76.9015
76.0296
52746.95567679405
