times
0.2314
0.5046
0.732
1.0053
1.2377
1.6067
1.4611
1.3873
1.4102
1.3993
1.3843
1.4242
1.4342
1.4571
1.467
1.5399
1.3943
1.3803
1.4042
1.3933
1.4093
1.3903
0.2364
0.4787
0.7002
0.9604
1.1649
1.3893
1.4421
1.7164
1.9039
2.0984
2.1772
2.3926
2.5392
2.8803
2.8354
2.8005
2.8434
2.8494
3.0259
3.0867
3.0339
2.9821
3.1186
2.3756
2.3258
2.5531
2.5532
1.9031
1.8461
1.9518
1.4411
1.7064
1.8471
1.8929
1.8959
2.0795
2.1183
2.3607
2.1802
2.3687
2.635
2.7845
3.1047
3.0189
3.0828
3.1136
3.347
3.5375
3.8287
3.8058
4.0362
4.2947
4.5169
4.4351
4.4351
4.4792
4.4321
4.4671
4.4222
4.484
4.4043
4.4551
4.481
4.4152
3.2593
3.2483
3.3062
3.3381
3.3012
2.3038
2.1144
2.1961
2.1333
2.1153
2.1084
1.1549
1.4072
1.6496
1.871
0.9574
1.1569
1.3723
1.4052
1.5977
1.6646
1.6625
1.864
2.0664
2.1094
2.3567
2.3068
2.5323
2.612
2.8065
2.8225
2.1004
2.0934
2.3437
2.5053
2.5971
2.4983
1.8959
1.8949
2.0695
1.4043
1.4032
1.3923
0.9345
1.1609
1.4032
1.6705
1.6197
1.1829
1.3793
1.3943
1.4072
1.6187
1.6655
1.6067
1.8979
2.0745
2.1373
2.1642
2.3338
2.3397
2.5522
2.6529
2.8344
2.998
3.0708
3.2034
3.2972
2.8623
3.0229
2.975
3.0029
3.3083
3.4817
3.7689
3.7809
3.9806
3.9644
4.2666
4.479
4.0442
4.1549
4.2068
4.2467
4.5648
4.7294
4.9637
5.281
5.4135
5.6938
4.9847
5.1831
5.0574
5.1642
5.0864
4.2239
4.5269
4.3852
4.4322
3.8317
4.0582
4.2058
3.3441
3.5068
3.5794
3.753
3.8348
2.24
2.3477
2.3008
2.1223
2.1023
2.1114
2.0854
1.6037
1.6755
1.6686
1.6675
1.134
1.128
1.1848
0.5046
0.7051
0.6911
0.6812
0.9455
1.1429
1.2197
1.3993
1.6386
1.6994
1.842
2.1233
2.3278
2.3258
2.3717
2.632
2.8154
2.8324
3.0788
3.1057
3.2932
3.5844
3.8517
3.9813
4.0801
4.114
3.1456
3.37
3.2793
3.3371
3.2962
807.9880254268646
