times
3.7851
6.3522
9.2555
12.6898
15.5594
19.6255
22.2587
25.6704
28.2804
31.1699
33.9507
38.6051
40.4459
43.8487
48.2191
48.6195
52.549
55.5677
58.6243
61.8223
66.0033
68.2318
71.9076
74.0355
75.8019
76.9216
76.1681
76.7192
75.0906
77.7203
75.6949
76.2642
76.874
78.4163
77.4295
77.0759
75.7088
76.5329
75.2339
74.4882
76.8849
74.3974
77.3692
76.0045
77.5026
78.331
76.1022
76.6673
74.5184
76.7431
76.6872
77.8452
74.7574
77.2906
76.7043
78.2769
76.7242
76.6515
77.5544
75.2252
75.2253
74.5549
74.6488
76.3887
55.9123
59.864
60.7675
65.7086
67.2337
68.7784
74.3048
78.5251
82.394
84.1764
66.4599
68.3404
71.7765
73.7574
75.8664
79.3721
82.0165
84.8748
59.125
58.3195
56.7206
56.3396
58.6568
56.891
57.1145
58.4936
58.1388
57.9226
58.7958
59.6478
56.0631
58.3951
55.7335
57.6958
60.3072
56.4434
57.7656
58.2763
58.5758
57.4897
56.0604
56.9273
58.9155
59.108
58.0909
59.7347
57.9548
57.6172
58.9188
56.0695
56.4613
59.9009
26.5036
27.8149
26.9172
27.6181
26.5343
27.3521
4.0661
6.1037
9.8877
12.5385
15.9823
19.2527
22.7983
25.2178
28.6853
30.6251
33.3833
37.5259
40.9767
43.0564
42.1822
41.984
46.2119
49.9139
52.1187
51.7312
54.9082
57.4377
60.6271
66.2284
66.6078
73.1162
73.0148
76.2515
80.8648
82.4331
86.875
84.5535
84.3619
87.329
84.7641
87.7978
83.2081
84.6554
85.0141
83.6594
83.2228
86.4623
85.6036
89.178
92.6945
98.6406
97.5999
101.4261
105.6638
108.8487
110.5912
109.4826
110.2677
108.1678
109.0778
107.5248
108.9441
96.1672
94.654
98.7613
98.6817
84.6456
85.2787
84.6192
84.0852
83.7372
84.0257
74.0932
74.0484
71.7484
73.873
73.2235
74.1719
58.3593
59.6819
44.7424
42.1079
42.8554
45.0537
42.267
41.5619
43.2356
27.9874
32.5141
34.5698
39.287
41.1504
42.2313
46.6056
48.1978
52.352
53.1312
52.6216
53.9669
53.1142
51.0545
52.859
29.8176
27.0158
27.1975
28.4236
27.8059
27.6413
27.7289
28.2136
29.7248
28.6506
27.1626
27.9953
27.1976
29.5911
27.1207
27.4077
27.2073
27.9725
26.8453
27.6832
28.8469
27.9925
27.5474
26.8004
28.7352
26.7246
28.6229
27.8635
27.1365
27.861
27.5738
27.0459
27.6413
28.7312
28.6883
27.9597
2.9042
6.729
9.0368
12.35
16.0293
19.3642
22.2764
21.5853
21.9533
22.095
20.5331
21.8965
21.2093
21.1606
21.324
21.6322
20.0873
21.0507
21.9922
21.6771
22.3106
23.542
25.812
27.5148
31.9214
35.9723
36.4097
39.4414
43.4568
45.4425
47.542
53.5384
57.4764
58.0902
63.592
65.2031
70.777
73.5589
75.1023
76.9804
77.1224
84.3071
86.284
90.2956
93.8285
94.1854
94.3903
95.8559
98.0246
100.6616
104.8499
108.9772
111.7342
95.2956
100.3055
100.4248
101.9489
107.3734
116.0855
118.7641
116.5172
120.6075
122.6488
132.8926
130.0683
128.2411
135.1212
139.5923
144.038
146.4014
149.8452
148.9918
155.0438
155.8847
161.3722
159.8506
158.7934
162.9995
158.8518
159.0781
142.3691
143.5982
127.9157
128.0484
123.2307
106.3372
103.852
106.6167
103.5824
105.9175
103.5986
101.4647
102.8915
100.1214
103.0237
83.7235
84.7793
70.9507
68.9819
69.315
68.3586
70.9547
69.188
70.348
57.1197
55.8903
36.8355
36.4619
35.2318
16.5379
14.7895
18.712
22.0534
24.0062
16.52
18.1966
22.8649
23.7067
28.1238
31.546
33.6643
36.7378
40.0766
41.7324
38.8859
40.049
38.3645
43.1806
44.7162
45.4848
48.1273
50.3868
56.5029
54.3204
54.0922
55.7903
59.2507
63.997
65.5484
65.8953
63.5065
63.5643
64.4197
62.1034
66.3869
67.3729
70.6483
73.1716
76.149
79.0741
81.3591
76.3305
75.643
81.3259
80.7436
74.0743
75.7618
77.7413
69.9299
70.283
69.8197
69.3443
68.8684
74.6505
78.2532
64.7739
63.0122
62.7623
63.1283
62.5468
64.08
63.1405
63.1065
60.674
66.2803
67.763
70.6187
72.8226
76.2246
82.6721
79.8488
85.3107
83.6028
83.8224
86.8281
88.7127
90.5123
92.7623
95.3716
102.3479
106.1928
108.0387
111.6013
112.2689
118.6932
120.8683
123.1385
104.177
109.0758
111.7844
114.1353
116.0005
107.2603
110.7395
118.4746
115.4371
120.3252
124.842
117.2072
120.066
125.0686
123.0476
130.0825
133.1405
135.2638
136.9439
142.4804
146.7055
145.1603
145.7012
142.6711
140.085
135.8821
145.9735
146.4532
149.8428
150.4651
131.5198
133.0423
135.364
135.8745
140.9199
145.9331
144.7186
150.7295
151.279
156.4946
159.6795
122.8738
122.3692
123.8869
117.4501
104.3699
102.4393
100.8489
100.904
103.7072
105.7248
101.2178
103.0758
103.6587
88.2557
85.8709
82.4261
45479.90193748474
