times
3.2838
6.2802
9.5272
12.7818
15.694
19.1421
21.8189
24.1175
27.5194
30.1414
34.593
37.009
39.5386
43.889
47.0891
50.7139
52.727
56.5583
59.9488
60.9006
64.5884
68.655
71.0082
74.0052
76.018
80.1686
85.3519
88.5529
87.3078
89.3694
95.586
99.865
101.4507
103.49
105.973
112.5145
116.9577
113.9673
120.1495
123.1619
129.5227
132.1602
131.8765
137.5834
137.1704
145.155
142.671
147.6148
151.2704
152.5643
144.1937
143.2486
141.5466
148.7685
148.7422
141.7548
144.4936
143.5867
148.7069
150.7287
144.7996
143.4259
143.19
146.9444
150.9028
141.4315
141.3274
143.5591
145.2434
149.0415
158.5827
152.2252
153.5211
152.4795
149.6499
138.7688
139.309
135.2501
137.8722
136.6955
121.5325
119.2054
118.6945
119.7729
118.1615
104.3765
101.624
102.1121
101.8884
103.0629
80.4782
80.5137
84.3098
87.4097
90.024
86.3361
84.9064
86.1663
86.6953
85.9836
71.0572
69.9371
70.5737
69.6594
69.5883
53.9923
53.2064
52.4105
53.0365
52.6139
37.1678
36.4493
37.3781
36.4556
36.7898
18.9067
21.0608
24.0969
26.9063
30.1779
34.0944
35.265
38.6577
42.4147
44.3987
48.0974
51.5637
53.6189
56.3876
66.1501
60.8944
62.4406
65.2078
67.829
70.8147
83.1402
81.5996
81.7073
82.4971
81.7644
66.6964
65.5717
65.5034
65.4677
65.7308
66.8948
64.6255
65.6085
65.7912
65.8749
66.0455
65.4666
65.299
64.5107
65.3268
66.2221
67.7148
64.6217
65.8005
65.9892
66.3212
66.477
65.2405
65.5303
67.292
50.4214
48.6251
50.4462
49.3058
49.3303
34.6141
33.3908
32.903
33.2351
33.4209
18.6671
23.607
21.0889
24.0268
27.1765
16.8838
15.2851
18.2731
21.0069
23.9302
30.9735
29.5824
30.3006
29.7636
29.7002
27.9585
30.5357
33.1015
35.9459
38.5997
47.3217
46.5649
46.199
46.1218
45.8784
47.3613
46.6907
46.0111
45.641
45.6395
46.9846
47.2188
45.9138
46.4531
46.8425
47.1422
46.3525
46.5036
46.2928
45.52
46.6723
46.3394
46.6773
46.1638
46.9294
46.9727
46.1075
46.8997
46.0104
45.9103
33.6107
33.8485
33.5636
33.1374
33.7246
20.569
19.9447
20.1162
19.834
20.3877
21.0587
19.9992
20.5211
20.1632
20.1774
3.737
3.3581
6.2517
10.2202
9.2297
14.4253
13.2141
12.5963
15.0129
17.933
23.8104
23.0245
22.9962
23.0915
23.2731
23.9219
23.0193
23.5984
22.7229
23.641
24.2332
22.8609
23.2296
23.2254
23.6598
23.8026
23.0893
23.239
23.2756
23.2519
23.5159
23.533
22.9817
23.2426
22.6665
24.0448
23.2984
23.1759
23.874
22.9412
23.3256
23.6643
23.2479
23.2769
22.6824
23.574
23.0085
23.44
23.065
22.9268
13.9944
13.3495
13.1509
13.124
13.4034
3.3301
6.2303
10.1512
9.5462
13.6248
12.4906
15.5563
20.0909
18.4189
21.4336
27.6302
27.0048
26.0626
27.1026
27.2287
28.0151
26.4785
26.6609
26.4948
26.0544
27.568
27.2652
26.6661
26.9854
27.2
27.4187
26.6979
26.6401
26.4517
27.2317
27.4411
26.5573
26.4337
26.3607
27.3639
27.3096
27.082
26.975
26.4652
26.7152
27.6122
26.616
26.509
26.8096
26.4742
25.0672
30.1977
26.7667
33.6225
30.4431
25.1697
29.9446
29.5718
28.1208
29.7808
24.1935
23.2339
23.5748
24.072
22.8948
24.2124
23.0355
23.7635
23.1494
23.0245
24.0532
23.7763
23.1463
22.7063
23.3654
24.0717
23.2157
23.7837
23.1214
23.0521
23.8453
23.6926
23.3507
23.8133
23.1233
24.0627
23.1949
23.7209
23.1362
23.0252
24.2114
23.1291
22.9686
23.3345
23.5596
24.0319
23.7434
23.0652
23.5839
22.7981
14.0366
13.3733
13.8417
13.5978
13.121
4.2417
3.3882
3.361
6.7538
6.8043
6.9135
6.8886
6.9723
6.7995
6.4548
6.5265
8.9261
13.4072
12.4527
16.5198
17.3828
16.6936
16.4765
16.6676
16.6209
17.2072
17.0862
16.4112
16.9978
17.0031
17.4404
16.3592
16.6852
16.9145
16.7519
17.4731
16.9816
16.6065
16.4134
16.7681
17.3496
16.4441
16.7592
16.4253
16.9466
17.1164
16.7382
17.3606
16.3836
16.5907
17.1751
16.4265
16.9569
16.3497
16.3264
13.9677
13.2517
13.4276
13.3301
13.5638
14.3049
13.2914
13.0899
13.2436
13.4171
3.3251
6.7719
6.1465
9.2303
12.2692
16.0232
18.1607
23.2554
21.8804
26.4272
27.0777
26.5275
26.766
26.5967
26.4095
27.3493
26.7246
26.6046
26.3236
27.3718
27.5235
26.198
26.5575
26.8058
26.3939
27.1489
26.2417
26.6999
26.7548
26.8379
27.1883
26.1841
26.4115
27.2151
26.2798
27.8816
26.6729
26.7196
26.4034
26.8763
27.7129
26.5079
26.5998
26.7992
26.43
29359.693092107773
