times
0.058
0.1057
0.2034
0.2094
0.3251
0.5395
0.373
0.3381
0.6273
0.4139
0.3461
0.366
0.354
0.362
0.4019
0.348
0.5934
0.4159
0.4338
0.378
0.363
0.4538
0.368
0.4747
0.3361
0.367
0.3919
0.349
0.36
0.376
0.4578
0.5884
0.4019
0.37
0.3341
0.4199
0.6662
0.3321
0.4059
0.4937
0.3291
0.4208
0.377
0.3341
0.362
0.3511
0.36
0.374
0.3331
0.4258
0.359
0.4558
0.359
0.4807
0.3371
0.4657
0.5745
0.3391
0.367
0.36
0.379
0.366
0.3361
0.371
0.358
0.3281
0.374
0.3341
0.759
0.382
0.4179
0.366
0.366
0.3361
0.4747
0.3421
0.363
0.365
0.367
0.362
0.364
0.6034
0.364
0.366
0.3969
0.366
0.4448
1.2008
0.377
0.367
48.69808578491211
