times
0.1356
0.2972
0.3929
0.5595
0.6991
0.8228
0.9594
1.0552
1.2397
1.3833
1.51
1.6945
1.8112
1.9069
2.0256
2.2181
2.3138
2.4395
2.5701
2.6789
2.9172
2.9571
3.1595
3.2576
3.3829
3.5306
3.6462
3.7939
3.9135
4.114
4.1898
4.3915
4.4421
4.6107
4.7064
4.9188
5.0036
5.1851
6.6741
6.0767
5.5252
5.7347
5.8015
5.9212
6.0668
6.2902
7.5041
7.2157
6.6173
6.8088
6.2572
6.366
6.5136
7.0222
8.6618
6.1845
6.3303
6.5574
6.8467
7.6027
6.8686
8.5342
6.9434
7.102
7.1698
6.5575
6.5744
6.6422
8.3377
6.8477
6.3022
6.3781
6.5664
6.7051
6.9783
6.3123
6.5169
6.8696
6.7569
6.8896
6.2952
6.3919
6.6562
6.5993
6.8008
6.2674
6.5465
6.5435
6.6891
6.8427
6.2563
6.3849
6.4857
6.7302
6.8218
6.2383
6.4877
6.5165
6.6861
6.8208
650.5651478767395
