times
0.1356
0.2992
0.3979
0.5785
0.7051
0.8288
0.9934
1.0831
1.2816
1.3664
1.5399
1.7154
1.8361
1.9607
2.0914
2.2241
2.3976
2.5452
2.6319
2.7796
3.0129
3.0618
3.2423
3.3699
3.8258
3.7262
3.8228
3.8786
4.0721
4.2506
4.2815
4.5049
4.5947
4.7224
4.9477
5.2559
5.1908
5.3297
5.4933
5.5811
5.7556
5.8853
5.981
6.1656
6.5415
6.4099
6.6891
6.6801
6.8836
7.0262
6.4438
6.7461
6.8387
6.8317
7.0491
6.5904
6.5754
6.7519
6.9097
7.0332
6.5395
6.9095
6.7888
6.8497
7.1162
6.4278
6.6194
6.8347
6.9324
7.1529
6.5465
6.5974
6.8218
7.0511
7.099
6.5047
6.5944
6.718
6.8676
7.0362
6.4797
6.6702
6.6193
6.9205
7.0192
6.4996
6.6163
6.7808
6.9938
7.1319
6.417
6.7181
6.7818
6.9883
7.0691
6.4228
6.6592
6.7879
6.9195
7.101
657.779863357544
