times
0.1358
0.294
0.391
0.557
0.7018
0.8383
1.1044
1.1061
1.3365
1.4445
1.6706
1.8028
1.7946
1.9146
2.1428
3.009
2.4624
2.5974
3.7722
3.4191
3.8445
3.1567
3.7725
3.8217
4.4022
3.7988
4.0113
3.7799
4.1768
4.2716
4.5069
4.7892
4.9039
5.3188
5.4973
5.621
5.7556
6.0718
6.1795
6.6582
6.5944
7.1639
7.2745
9.6472
7.0232
7.1598
7.6854
7.1449
6.8946
8.7366
7.2346
6.6831
7.3165
7.1569
7.4092
6.8337
10.3952
7.6376
7.6675
7.475
7.7113
7.0003
9.1196
8.7935
7.6077
6.8248
7.0053
7.524
7.5398
9.9284
7.475
7.2387
7.2207
7.8719
7.6006
6.6193
6.8308
7.111
7.2837
7.857
6.9424
7.1002
6.9185
7.5299
7.2875
6.9245
7.1309
7.097
7.473
7.4365
7.0352
7.0123
7.4501
8.0365
7.6276
6.9005
6.726
7.487
7.3205
7.845
725.7766780853271
