times
0.1294
0.2862
0.382
0.5476
0.6672
0.7919
0.9524
1.0621
1.2606
1.3314
1.495
1.6745
1.7583
1.8939
1.9976
2.1582
2.2839
2.4076
2.7077
2.7197
2.9152
2.9082
3.744
4.3953
3.5166
3.5156
3.6482
3.752
3.8936
4.0531
4.0831
4.2885
4.3743
4.5348
4.9148
6.2064
4.9508
5.1113
5.229
5.4345
5.5733
5.6728
5.7616
6.4428
7.3995
6.2742
6.3191
6.5255
6.5128
6.716
6.2663
8.4644
6.6223
6.747
6.8756
6.2573
6.426
6.6093
6.7001
7.0085
6.2325
6.4557
6.4627
6.6771
6.727
6.2393
6.4158
6.5694
6.6761
6.8307
6.2663
6.357
6.4976
6.6053
6.8577
6.2822
6.373
6.4138
6.6542
6.8367
6.4169
6.5565
6.5734
6.6412
6.8577
6.2762
6.4558
6.5555
6.6452
6.8567
6.2523
6.3221
6.4757
6.7549
6.8369
6.1685
6.4069
6.4477
6.5594
6.7829
641.5370252132416
