times
0.1346
0.3112
0.4009
0.5575
0.6971
0.8268
1.121
1.1968
1.2616
1.3644
1.5379
1.7244
1.8341
1.9628
2.0844
2.1981
2.3667
2.5013
2.6439
2.7427
2.9999
3.0369
3.2493
3.34
3.4767
3.6452
3.8846
3.9245
4.0222
4.1918
4.2865
4.4621
4.5538
4.6865
4.9178
4.9308
5.1672
5.5152
5.4315
5.5721
5.7616
5.8932
5.986
6.1286
6.2862
6.3889
6.714
6.6342
6.9354
6.9146
6.4039
6.707
6.6781
6.9325
7.0152
6.5315
6.732
7.2835
7.0382
7.1818
6.5046
6.7091
6.71
6.8866
7.0511
6.4818
6.5395
6.7529
6.8217
7.0102
6.3969
6.5484
6.6881
6.9853
7.0547
6.6223
6.6552
6.7799
7.0162
7.0841
6.4697
6.5984
6.75
6.9205
7.1
6.6123
6.747
6.7649
6.9714
7.1259
6.4498
6.6415
6.7263
6.9434
7.175
6.4707
6.7619
6.7779
6.9145
7.0831
657.4855725765228
