times
0.1336
0.2892
0.381
0.5356
0.6682
0.7909
0.9524
1.0422
1.2227
1.3185
1.491
1.6546
1.7403
1.879
1.9977
2.1233
2.2699
2.4215
2.5601
2.6519
2.9032
2.9222
3.1177
3.2503
3.3371
3.5086
3.6303
3.7031
3.8796
4.0452
4.12
4.2935
4.4192
4.505
4.7343
4.7174
4.9637
5.0943
5.2111
5.2899
5.5412
5.6369
5.7436
5.9391
6.0408
6.1216
6.4079
6.5944
7.2027
7.9148
6.4128
6.2403
6.6193
6.5844
6.7059
6.5006
8.216
6.4809
6.6044
6.709
6.1187
6.2942
6.4817
8.0116
7.1967
6.2044
6.3431
6.5774
6.8128
6.8347
7.2426
7.0053
6.35
6.5654
6.6931
6.2802
6.368
6.5056
8.1592
6.8746
6.1456
6.3809
6.2802
6.7639
6.6681
6.2833
6.4218
6.5357
6.7051
6.8836
6.2533
6.3081
6.4647
6.5894
6.7539
6.248
6.345
6.5824
6.6083
6.8148
641.2043058872223
