times
0.1785
0.3481
0.4059
0.5495
0.7091
0.8836
1.1858
1.2876
1.3524
1.4711
1.6526
1.9677
1.9368
2.0665
2.1941
2.4475
2.5711
2.7357
2.9532
2.8543
3.3301
3.0469
3.5585
3.5087
3.7579
3.8856
3.9614
4.104
4.3157
4.487
4.6277
4.9924
4.9667
4.6036
5.4025
5.2819
5.4365
5.6648
5.7775
8.2459
6.352
6.4059
6.4637
6.5794
6.6193
6.6582
9.2044
7.3615
7.4411
8.4035
7.0222
6.9946
8.2489
10.0112
7.7662
7.2895
6.8657
6.8048
6.9683
9.9514
6.5166
7.0581
7.2087
7.3853
7.849
8.2509
7.861
7.3104
7.6206
7.5667
6.8088
6.9933
9.7509
7.7622
7.7323
6.8865
7.3922
7.4501
9.2233
9.9655
6.6114
6.8068
6.7918
6.9813
7.2047
9.1755
6.7799
7.1891
7.5648
7.7817
7.0182
7.127
7.2308
7.0038
7.09
6.7381
7.2087
7.4261
7.3503
7.6156
725.6309545040131
