times
0.1197
0.2733
0.367
0.5096
0.6493
0.7699
0.9146
1.0013
1.1549
1.2477
1.4202
1.5778
1.6566
1.7772
1.9258
2.1623
2.3118
2.4973
2.4485
2.5253
3.1625
2.8753
3.007
3.2244
3.1775
3.3281
3.4218
3.5046
3.7181
3.8357
3.9188
4.1289
4.2277
4.3514
4.4531
4.6496
4.6516
4.8301
5.0066
5.1522
5.2699
5.4045
5.4683
5.6379
5.8055
5.9511
5.9531
6.1657
6.2124
6.358
5.9441
5.9052
6.0748
6.2044
6.357
5.9521
6.0059
6.346
6.4458
6.3997
6.1974
6.1316
6.1615
6.2552
6.4099
5.9002
6.2193
6.2283
6.369
6.4966
5.9172
6.0718
6.2652
6.4607
6.4817
5.961
6.1077
6.1865
6.5006
6.4756
6.2723
6.0528
6.1905
6.3171
6.5854
6.0229
6.0309
6.1805
6.354
6.5566
5.976
6.0358
6.2026
6.3879
6.5445
5.992
5.985
6.2722
6.2972
6.5265
610.6177577972412
