times
0.1472
0.367
0.4478
0.6154
0.8168
0.8447
1.0342
1.0981
1.3105
1.3863
1.5519
1.7274
1.863
1.9348
2.0784
2.2031
2.3407
2.4884
2.615
2.7127
2.984
3.0339
3.2353
3.2732
3.4827
3.6325
3.7859
4.7513
4.6884
4.1399
4.2656
4.481
4.5339
4.7383
4.856
4.9767
5.0425
5.965
6.0668
5.5123
5.6449
5.7765
5.981
6.0449
6.1675
6.8876
7.5458
6.6343
6.6881
6.9454
6.4587
6.8028
6.6761
8.5182
7.1215
6.4428
6.5395
6.8936
6.8517
6.9574
7.8749
6.5266
6.5435
6.6991
6.8447
6.337
6.4667
6.6343
6.7689
6.9175
6.3899
6.5076
7.1967
6.7918
7.0122
6.4048
6.5864
6.5964
6.8886
6.9865
6.5246
6.5435
6.7589
6.9065
7.1125
6.5176
6.6701
6.71
6.7888
7.0361
6.3901
6.4548
6.6432
6.8417
7.109
6.363
6.6084
6.6714
6.7719
7.0193
656.8299860954285
