times
0.1309
0.3072
0.387
0.5386
0.6792
0.8038
0.9694
1.0542
1.2247
1.3284
1.493
1.6875
1.7832
1.8949
2.0276
2.1343
2.2949
2.4455
2.5462
2.6748
2.9202
2.9262
3.1536
3.2583
3.373
3.5098
3.6832
3.7735
3.8831
4.0761
4.1848
4.5548
4.472
4.5917
4.833
4.7712
5.0438
5.1791
5.2819
5.3597
5.6718
5.7347
5.9083
6.0089
6.1216
6.2569
6.4079
6.4407
6.6648
6.8128
6.4218
6.3101
6.7938
6.6881
6.8208
6.2812
6.9933
6.6682
6.6273
6.788
6.2274
6.3797
6.5325
6.6173
6.9105
6.1924
6.369
6.5205
6.6223
6.739
6.1515
6.3071
6.3979
6.704
6.7599
6.345
6.4108
6.5884
6.721
8.7296
6.3001
6.4398
6.41
6.735
6.9077
6.4349
7.6854
6.8198
6.7669
6.8965
6.2533
6.4837
6.5764
7.3633
8.209
6.2224
6.3859
6.5654
6.6395
6.8478
642.0729532241821
