times
0.1337
0.2902
0.3919
0.5396
0.6722
0.7999
0.9644
1.0691
1.2317
1.3334
1.49
1.6775
1.8181
1.874
2.0166
2.1353
2.2989
2.4325
2.639
2.6489
2.9082
2.9301
3.1486
3.2154
3.348
3.5096
3.6562
3.7579
3.8786
4.0642
4.1239
4.3324
4.3872
4.5399
4.7437
4.8311
5.0225
5.239
5.1714
5.3846
5.9541
7.4002
5.7488
5.9541
6.0877
6.1794
6.354
6.4069
7.3543
7.9627
6.2313
6.4199
6.5126
6.6851
6.7739
6.2742
8.1632
6.5156
6.712
6.8746
6.2702
6.4318
6.4826
8.0983
7.1479
6.4697
6.2932
6.4637
6.6014
6.7859
7.4321
6.9704
6.5255
6.819
6.8048
6.2832
6.373
6.4108
8.5271
6.8646
6.2764
6.3879
6.5385
6.6841
6.7799
7.9886
6.4966
6.5076
6.713
6.8148
6.6682
6.5265
7.484
7.7682
6.7938
6.2234
6.4428
6.5355
6.6043
6.8407
649.9216456413269
