times
0.1317
0.2962
0.3889
0.5555
0.6772
0.8327
0.9754
1.0711
1.2417
1.3524
1.517
1.7104
1.7972
1.9069
2.0278
2.1473
2.3198
2.4644
2.5941
2.6998
2.9681
2.981
3.2244
3.2553
3.3999
3.5385
3.73
3.9863
4.2347
4.2128
4.3693
4.7912
5.597
5.0036
4.7952
4.875
5.0834
5.2011
5.3477
6.3949
6.3131
5.7396
5.8105
6.0389
6.1725
6.2603
6.5325
7.9916
6.9344
6.8158
6.2931
6.5485
6.6053
6.72
7.5458
7.2037
6.4507
6.725
6.773
7.0152
6.2354
6.8566
8.1173
6.6733
6.8896
6.342
6.355
6.6293
6.734
6.8543
6.3051
6.4976
6.5605
6.8307
7.0112
6.4557
6.5006
6.6502
6.7948
7.096
6.3261
6.5156
6.4657
6.8068
6.9055
6.4447
6.5126
6.6113
6.8018
6.8995
6.2433
6.4837
6.6003
6.718
6.9504
6.3281
6.5046
6.6173
6.7639
6.9424
653.6896262168884
