times
0.1284
0.2882
0.377
0.5495
0.6961
0.8038
0.9954
1.1798
1.3713
1.5479
2.1393
2.4943
2.3138
2.3268
2.5143
2.4485
2.8284
3.2295
5.3577
4.5688
2.977
3.0788
3.4468
3.4568
3.6991
5.4314
4.6057
5.3666
4.8679
7.2725
7.8759
5.4534
5.5072
5.601
6.0296
6.0658
6.1915
9.2231
6.8834
6.714
7.5054
7.1754
7.3931
8.1031
11.1553
8.5095
8.1265
8.5796
8.2816
13.2486
8.3104
8.7643
8.677
9.3975
12.3385
9.1459
9.694
8.964
9.5225
11.8254
9.5123
7.8514
9.2559
9.5774
9.8885
9.5959
8.3714
8.7558
8.8977
8.986
8.8697
8.8953
8.7895
9.5274
9.4097
8.7446
9.0454
8.5994
9.3685
10.8208
9.0642
9.8604
10.0128
10.1602
10.7404
9.3247
10.8035
10.3257
11.3992
10.2699
9.6308
9.2842
9.2361
9.5528
9.94
8.7698
8.2808
8.345
8.4571
8.037
893.9270660877228
