times
0.1336
0.3012
0.4029
0.5655
0.6882
0.8218
0.9804
1.0921
1.2457
1.3763
1.5429
1.7174
1.8201
1.9528
2.0854
2.2181
2.3597
2.4843
2.6379
2.7406
2.983
3.6841
4.1559
3.4747
3.4488
3.6183
3.743
3.7929
4.0332
4.2397
4.2546
4.5209
4.5598
5.1093
6.2283
4.8869
5.1552
5.2799
5.3826
5.4764
5.7775
5.8733
5.9411
6.1655
6.3151
6.375
6.5704
6.7938
6.7396
6.9664
6.4059
6.6941
6.742
6.8627
6.9823
6.4799
6.5624
6.7829
6.9504
7.0591
6.4308
6.4478
6.7172
6.75
6.9863
6.367
6.4827
6.7071
6.72
6.9893
6.4348
6.5345
6.732
6.9264
7.0412
6.4886
6.5616
6.7369
6.8277
7.097
6.4717
6.731
6.6662
6.9714
7.0791
6.5016
6.7011
6.7878
6.9297
7.0442
6.3939
6.5714
6.7121
6.7909
7.0471
6.3969
6.5255
6.7679
6.8068
6.9654
653.8130722045898
