times
0.1366
0.4757
0.5585
0.6542
0.9764
1.1988
0.9594
1.0632
1.3514
1.6446
2.0057
2.247
2.1642
2.4973
2.225
2.232
2.3607
2.5631
2.7277
2.7616
2.994
3.0658
3.6672
3.362
3.4438
4.115
4.4661
5.3297
6.2932
4.7792
4.3464
4.5209
5.1065
5.3108
5.3547
5.5302
6.2463
7.3274
5.9192
5.989
6.0708
6.0079
5.972
6.0797
7.087
7.466
6.6512
6.4996
6.9225
7.3703
6.4288
6.5824
7.1728
7.074
7.1788
6.7689
6.38
6.7021
6.8457
6.9723
6.4648
6.5296
6.6721
7.4321
7.2536
6.4088
6.5547
6.8178
6.8736
7.2835
6.4468
6.6522
6.7459
7.0821
7.103
6.3879
6.5993
6.44
6.725
6.8646
6.36
6.4697
6.4886
6.8088
6.9524
6.2243
6.4338
6.4916
6.7559
6.8856
6.2892
6.34
6.5096
6.6704
6.8507
6.2325
6.3929
6.5904
6.6881
6.9115
673.6112954616547
