times
0.1317
0.2872
0.387
0.5366
0.6642
0.7999
0.9574
1.0512
1.2167
1.3065
1.4801
1.6636
1.7483
1.883
2.0186
2.0964
2.2779
2.4591
2.5472
2.645
2.8514
2.8853
3.1306
3.2304
3.3351
3.4896
3.6472
3.6891
3.8796
4.0511
4.0651
4.2885
4.4191
4.5329
4.6705
4.7763
4.9767
5.1871
5.2001
5.327
5.5861
5.7776
5.7267
5.8713
6.0269
6.0981
6.3291
6.4138
6.5445
6.6921
6.2862
6.3231
6.6831
6.6552
6.8995
6.2942
6.337
6.5515
6.5814
6.8038
6.1874
6.2513
6.41
6.4976
6.747
6.1877
6.3281
6.6811
6.6562
6.7829
6.1655
6.3201
6.359
6.6004
6.7001
6.2992
6.383
6.5086
6.6313
6.8916
6.2573
6.3892
6.3789
6.6682
6.7859
6.2563
6.3221
6.5216
6.6741
6.7838
6.2054
6.2742
6.5498
6.5764
6.7729
6.1675
6.3381
6.561
6.5575
6.7849
629.8836617469788
