times
0.1306
0.2892
0.388
0.5436
0.6702
0.7849
0.9704
1.0562
1.2736
1.492
2.0644
2.3687
1.9348
1.9211
2.0884
2.246
2.2868
2.4096
2.5571
2.6639
2.9222
2.9272
3.1376
3.2453
3.5256
3.742
3.6362
3.735
3.9006
4.0591
4.1588
4.3713
4.4172
4.5697
4.7044
4.9517
4.9976
5.2171
5.3497
5.4694
5.5521
5.7047
5.8254
5.9623
6.0219
6.2313
6.3101
6.4966
6.5345
6.7888
6.2623
6.4068
6.4617
6.7091
6.7419
6.339
6.4557
6.726
6.722
6.9584
6.2603
6.4887
6.4956
6.6393
6.797
6.1884
6.3331
6.4966
6.6243
6.7559
6.2435
6.4298
6.5455
6.7768
6.9354
6.2762
6.463
7.8091
7.9906
7.095
6.2782
6.3829
6.5355
6.735
7.6375
7.5966
6.5305
6.5943
6.728
6.9025
6.2654
7.1688
7.867
6.7818
6.9025
6.2662
6.5485
6.5395
6.737
8.9441
650.4864387512207
