times
0.1316
0.2932
0.3859
0.5516
0.6871
0.8138
0.9844
1.0781
1.4631
1.7772
1.864
2.1991
1.8231
1.9059
2.0385
2.1233
2.3218
2.4424
2.5641
2.6748
2.9052
2.9411
3.1496
3.2353
3.359
3.6014
3.6592
3.7679
3.9714
4.118
4.1549
4.3454
4.4521
4.6206
4.8061
4.845
5.0744
5.2011
5.2731
5.4813
5.6479
5.6998
5.8356
6.1116
6.1555
6.1765
6.4987
6.5195
6.6113
6.7679
6.2632
6.3211
6.6013
6.6372
6.8496
6.3321
6.6831
6.6464
6.7579
6.8776
6.2543
6.4209
6.5365
6.6492
6.8427
6.2662
6.3351
6.6103
6.6392
6.7921
6.2393
6.3642
6.4827
6.7112
6.7549
6.36
6.5016
6.5893
6.6801
7.0103
6.5285
7.7114
6.4418
6.736
6.8786
6.3291
6.4677
6.6113
8.4165
6.9644
6.2842
6.3759
6.5485
6.8178
7.1998
7.3523
7.4092
6.8417
6.7599
7.0372
646.1485397815704
