times
0.1316
0.3152
0.5256
0.5625
0.6891
0.8407
0.9864
1.0572
1.2277
1.4741
2.3727
2.6818
3.8108
2.5252
2.3108
2.7536
2.4155
2.7676
3.1027
2.7068
2.8952
2.9184
3.1296
3.2403
3.363
3.5516
3.6672
3.743
3.9035
4.0731
4.167
4.3474
4.4212
4.5777
4.877
5.617
5.5402
5.4066
5.2811
5.3976
5.58
5.6898
5.7736
5.9381
6.0907
6.1785
6.361
6.4387
6.7101
6.746
6.2573
6.3839
6.4528
6.6402
6.7839
6.2443
6.4099
6.5215
6.736
6.9315
6.2593
6.4657
6.4487
6.5984
6.7739
6.2603
6.5248
6.6252
6.6454
6.8756
6.2513
6.4358
6.5544
6.7402
6.8966
6.2622
6.4568
6.5435
6.725
6.9434
6.5046
6.3879
6.5565
6.7353
6.7978
6.2844
6.4956
6.8018
6.7061
6.8896
6.35
6.4118
6.5296
6.7569
6.8497
6.4039
6.4837
6.5824
6.6243
6.8946
647.2790484428406
