times
0.1811
0.3355
0.3894
0.5483
0.745
0.8068
0.9904
1.0801
1.2526
1.3614
1.5395
1.7004
1.7703
1.9229
2.0196
2.1622
2.3088
2.4355
2.61
2.6868
2.9202
2.9721
3.2882
4.1998
4.094
3.5465
3.7011
3.7919
3.9006
4.1289
4.1778
4.3713
4.5189
4.5598
5.0365
6.1126
5.0186
5.2152
5.3008
5.4135
5.6761
5.7416
5.8503
6.706
7.6924
6.2333
6.4099
6.5056
6.6602
6.7829
6.366
8.2789
6.5495
6.6811
6.8427
6.3705
6.5206
6.6494
6.9416
7.0132
6.2632
6.4348
6.5864
6.6692
6.8806
6.3101
6.366
6.5824
6.7719
6.9145
6.363
6.5825
6.5515
6.8567
6.9005
6.2921
6.5026
6.6584
6.8277
7.0232
6.3829
6.5415
6.5696
6.8587
6.9684
6.4258
6.7021
6.6901
6.7938
7.0122
6.3738
6.4208
6.4248
6.8696
6.9325
6.2293
6.4717
6.5565
6.6622
6.9135
653.9575915336609
