times
0.1297
0.2922
0.382
0.5425
0.6712
0.8018
0.9674
1.0562
1.2297
1.3374
1.496
1.6715
1.7823
1.886
2.0445
2.1522
2.2988
2.4215
2.5402
2.6529
2.8923
2.9162
3.1466
3.4747
4.3244
3.9494
3.6363
3.726
3.9115
4.0622
4.109
4.3364
4.488
4.6007
4.7752
5.7965
5.7845
5.1781
5.2679
5.3507
5.5432
5.6609
5.7636
5.8952
7.3424
6.3829
6.3979
6.4398
6.5315
6.7629
6.2273
7.1359
7.7084
6.6263
6.7589
6.5515
6.4467
6.6123
6.8198
8.4215
6.1924
6.354
6.4986
6.6103
6.7669
6.1546
7.9288
6.6861
6.5365
6.7908
6.2652
6.4378
6.5166
7.6675
7.9767
6.3251
6.4966
6.5495
6.716
7.0512
6.3051
6.5744
6.4318
6.713
6.8567
6.3111
6.4876
6.5614
6.741
6.9474
6.2553
6.4617
6.5375
6.6951
6.8636
6.2503
6.3799
6.6253
6.6582
6.8947
651.7813439369202
