times
3.9336
7.4987
11.5127
15.022
18.5667
23.8001
25.4081
30.6259
35.2417
36.849
40.7918
42.827
47.3664
49.9369
52.484
57.9055
60.891
64.0466
68.125
70.9765
76.7108
77.9419
81.464
86.5649
89.3525
94.1537
95.6273
101.4258
101.943
107.6435
109.7339
112.6754
117.3362
119.3919
126.0662
127.538
131.0145
136.9673
137.8635
142.2997
145.5998
147.9702
154.3026
155.9948
159.3123
165.4578
170.0058
172.793
178.5911
178.4632
165.0272
168.8707
170.274
172.7155
179.8587
164.2378
167.5482
169.9133
173.8
178.45
165.6106
169.7932
170.2219
172.6521
179.2031
165.4486
168.2645
170.4435
176.5268
174.9236
168.4989
167.4744
171.8462
174.9221
176.9227
174.3225
169.7006
168.8359
176.4462
182.1662
164.2067
167.3191
173.2389
177.0475
179.4456
164.6252
168.578
170.8519
177.0815
177.1989
166.7887
168.5389
169.5749
176.062
178.758
165.1553
166.3613
172.863
173.6954
180.2773
166.2942
169.5807
173.6215
175.3485
178.2955
169.3001
168.0772
176.337
175.5278
181.3707
164.8803
168.0925
172.2135
177.1831
177.9555
168.4412
168.1662
173.7585
176.7767
180.1071
165.5795
167.4449
170.9963
174.6096
176.687
168.669
169.3425
172.4053
177.7889
178.0495
165.1307
167.6145
170.8683
176.4039
177.7012
166.3059
169.3779
174.3328
176.6267
182.0265
164.0028
171.6545
171.5764
173.7682
181.3064
167.5613
168.3347
172.4147
174.9489
177.7244
166.8691
165.7427
174.3404
172.7248
177.5635
165.9846
168.3788
172.8452
175.1364
180.6239
164.462
169.1727
170.5076
171.7505
177.0572
168.1234
169.3717
169.6408
176.9792
178.8132
167.4301
166.6601
173.9732
175.8408
179.874
164.4602
166.9101
169.0626
179.1493
177.801
167.5908
165.8996
171.4943
171.9071
179.2246
164.6443
166.1536
172.7872
174.8974
178.7164
164.9035
169.6587
171.5527
174.1568
178.3104
167.0573
168.5461
170.6247
178.054
181.7118
164.4197
171.3019
170.97
174.3618
181.0438
166.6702
168.4052
173.5139
178.2866
178.7516
167.412
169.995
172.5535
175.8814
182.3209
166.3668
167.4721
172.8357
174.5772
179.0989
168.1383
174.7851
183.9914
194.6679
193.4023
178.0271
169.7158
174.4253
183.0327
184.9769
173.7135
175.9734
183.8654
184.7129
184.4563
169.321
176.0482
183.271
187.3103
186.9371
174.2781
175.2461
175.461
176.7372
181.1226
164.9301
166.9115
172.9402
173.5908
179.9612
163.6642
167.1045
170.2677
176.5168
177.8184
165.5089
170.3789
171.0171
173.6988
179.7417
166.855
167.3045
170.8406
174.7455
177.101
168.3637
167.246
169.706
174.2273
179.5862
168.2925
168.0483
169.9568
176.5698
182.1274
164.6455
167.449
171.3511
174.893
179.0019
167.2788
168.9064
171.5529
176.3158
180.4248
168.1333
174.5496
172.7133
178.5528
180.695
170.1297
174.0386
172.7763
176.8523
181.1138
162.4815
167.5892
171.3047
174.9671
177.0026
163.8047
170.9098
170.4386
174.9847
178.4877
166.8686
168.9398
169.4324
176.6239
181.1864
163.763
171.1914
171.9502
174.7711
180.2904
163.1962
171.5638
170.8235
173.3281
179.7848
164.6502
169.6776
173.6805
175.4757
178.9547
164.7807
167.3397
171.3791
174.7349
177.3998
166.3883
165.1448
171.5855
177.4571
177.8365
164.132
169.4187
169.796
177.6815
177.9457
164.048
169.8132
171.352
177.6216
179.0073
164.8785
169.2796
172.5528
177.9659
179.5398
165.7422
179.2993
181.6241
194.2642
188.9088
178.1425
193.6342
189.3608
201.8258
193.2154
179.5834
180.632
193.0762
194.6095
190.8997
190.1499
210.058
186.191
182.9551
195.3519
171.6711
175.4263
177.9083
183.6242
189.2666
178.9951
181.697
183.3327
186.7448
186.0939
176.9124
180.7672
180.9549
189.6613
191.4585
181.3674
177.2408
177.0528
181.7821
183.3284
165.0799
170.6404
173.5828
175.5745
180.0005
165.7809
167.8515
175.958
176.6074
180.115
166.966
170.2379
171.5406
176.5289
179.1575
166.5901
171.5302
173.2295
175.0252
183.4291
166.7269
168.5977
172.2508
187.2325
184.3134
167.7227
167.3868
175.0414
175.1342
180.1873
164.4104
166.988
170.2397
176.9619
178.4346
166.136
170.4899
176.0834
176.4335
180.4536
165.7593
170.2739
175.4755
176.9332
181.8815
165.3445
170.0156
173.6732
178.016
179.3166
167.9443
171.7816
172.0163
175.8692
182.2315
165.1533
163.4469
163.7994
165.9655
163.6343
150.4811
150.8714
156.9532
161.2231
162.6241
149.0297
154.023
154.9147
162.72
162.1601
149.145
153.1798
156.8254
176.1276
180.9954
168.1676
171.2878
159.4302
158.1892
165.5813
147.6593
154.0237
154.1552
158.3335
163.448
149.2893
152.577
156.1494
162.4568
161.5813
148.8321
150.9293
156.2945
159.9476
162.456
147.2267
151.6202
153.5609
161.715
161.7473
147.828
152.8729
153.6118
160.8697
163.0615
167.7021
168.3234
175.6285
180.0717
182.5125
98929.26022744179
