times
4.2877
8.2483
13.0068
16.5755
21.3333
26.4836
29.2765
31.449
35.5177
40.2282
45.8033
49.6989
53.2162
59.9755
59.3083
66.6546
74.5257
80.4007
77.4137
79.7988
90.5302
92.4168
96.3923
101.2796
108.2964
108.9203
118.8994
124.6006
132.0396
125.0108
126.7697
124.1131
129.9294
139.409
138.8259
160.7521
166.7308
175.3378
162.0016
166.6073
168.1857
176.003
174.5201
182.7433
185.5913
195.5724
203.4065
199.2496
195.2421
183.0677
190.4975
196.1949
195.5174
201.073
206.0043
194.8021
199.5021
197.655
208.9529
209.0502
186.8306
191.8121
194.2644
200.0952
203.5879
190.3807
198.9996
201.3231
203.402
206.8328
192.4056
200.6715
204.5303
210.1524
220.625
197.396
197.1466
204.948
209.1265
215.9443
199.57
204.3024
204.8728
208.8283
215.3484
195.533
204.5505
204.4262
215.4802
217.3836
197.043
204.9384
205.5686
206.3031
215.0885
195.8645
172.1243
167.8985
172.6601
176.639
160.6638
168.0977
167.8431
169.5726
177.4575
163.8002
165.103
170.1517
172.7074
174.4858
165.6616
166.4818
168.707
173.2981
176.902
165.4123
165.5345
170.0392
172.6076
176.3761
161.4563
166.4431
167.143
171.1049
174.9421
162.5429
161.8463
168.8246
172.7574
173.4596
162.4509
164.97
171.05
173.0904
177.9536
162.085
167.8239
168.7042
170.2594
172.8346
165.7235
164.9436
168.3937
172.7469
177.2823
164.0547
165.1564
167.6735
171.7369
177.2339
162.9057
163.9002
168.3516
171.595
174.8746
161.5878
166.1116
167.2701
170.5396
174.6573
162.8508
163.4851
170.6033
169.8568
174.8726
162.1476
163.6853
166.6206
174.0491
174.5977
165.4845
163.1012
166.6504
172.6268
173.9574
159.3277
166.5701
166.9924
169.9121
176.8144
162.2799
164.1994
166.0304
171.4005
174.9588
163.3981
164.7695
169.3646
169.5377
175.8676
162.2464
163.6376
169.3356
170.5754
175.948
162.1361
163.9345
169.1915
170.1409
173.0055
164.6662
163.6604
169.9379
173.671
176.2291
165.9356
164.7601
170.6148
170.9635
174.4124
166.3615
163.241
170.8735
175.4231
177.6239
168.2483
167.385
167.7295
174.432
177.7916
165.6946
167.8606
169.074
171.1251
178.7405
165.3368
166.0367
168.1032
174.3651
179.4736
162.7286
165.0017
168.4336
173.2485
175.2168
164.3865
164.3052
169.3678
172.5211
173.6428
165.066
164.0569
165.546
172.0937
178.0354
161.3266
163.2338
168.5634
169.4332
174.0579
161.9364
163.95
167.5214
172.3132
175.9608
165.1801
164.7511
166.34
175.8812
175.2501
160.3625
167.305
167.8465
171.2347
177.3892
162.6746
167.5383
171.5016
170.0818
174.9282
161.1546
167.8154
166.7228
173.8165
175.4474
165.6451
164.9503
167.1003
173.6563
175.372
165.2566
164.746
166.7225
174.3239
173.6054
166.0287
164.8836
168.2618
170.5615
178.9671
163.2293
163.7418
168.0733
171.8183
173.6463
163.0722
164.4651
165.8295
170.7098
178.1099
161.1988
164.1293
167.3877
171.3373
176.9147
161.2155
163.0811
169.916
171.0273
175.1329
162.9883
162.4815
167.9246
170.0966
174.9819
157.6983
156.8598
156.7225
158.9169
157.4721
144.5395
147.6934
151.305
154.0945
156.1481
144.8284
145.0781
152.1527
152.8111
156.5466
146.313
145.4399
149.9727
151.9964
155.763
144.4926
146.4788
149.5048
152.4197
156.6222
146.7094
147.6096
150.4366
151.9239
159.2643
144.4693
147.6326
151.3593
154.8438
158.9498
144.1387
147.8478
149.9088
155.516
156.7165
146.9794
150.5875
149.9652
155.4584
156.3005
147.6349
150.9177
149.8466
156.8346
157.1103
166.6777
164.9142
170.7949
173.3682
177.3763
168.9095
167.503
167.519
176.006
175.1073
162.3969
166.1357
169.804
172.3119
176.0836
162.9814
166.1119
167.3455
175.5135
178.9934
163.7016
156.9045
161.5215
157.9984
157.6809
145.7356
145.6167
152.0888
156.3618
158.9027
143.5022
141.3101
142.1566
139.8383
144.1654
127.3309
127.3645
135.6241
134.9378
139.253
126.7172
125.7847
126.034
124.5621
126.6266
108.9641
113.9481
115.2856
118.1868
124.4384
107.7895
111.0634
115.7658
117.702
121.0494
108.2866
110.3695
114.9228
117.4789
123.3633
110.483
112.2501
116.5811
120.658
121.9469
109.7262
112.0826
117.5322
118.6369
122.3843
126.6265
129.3252
133.6645
137.3149
140.7547
128.5119
131.4245
132.9846
138.9038
141.817
147.4785
148.0441
153.7866
156.6952
157.2
146.5639
147.6623
152.1055
155.1577
157.0308
164.251
156.4924
158.309
160.3443
159.1581
148.1741
147.9009
152.7913
153.8534
159.969
145.2836
149.7429
152.0566
156.3748
157.7487
142.1305
141.4657
141.7505
140.6423
141.9526
124.6365
122.7775
123.3237
124.8201
123.7631
106.9147
106.8953
107.4139
107.6915
105.8791
93.3837
93.5447
98.2807
101.0298
108.413
91.7818
97.427
98.4271
101.4422
108.4332
92.8832
94.127
98.6278
102.5112
105.6797
93911.8588256836
