times
12.7753
23.1023
35.9037
46.2152
57.8672
74.6576
81.8653
92.1565
103.092
117.0233
129.9895
138.1186
149.9173
159.7216
175.078
187.7668
194.7966
210.4322
218.7532
231.8476
243.281
253.0129
266.5443
276.6551
290.4088
302.7477
309.7808
326.8218
334.9689
344.1034
356.0188
370.0581
384.1599
394.8509
404.3407
417.3998
423.5727
431.6228
449.8
456.3058
474.1667
481.8148
502.3374
512.5085
519.9533
536.9351
536.5901
551.5833
567.4815
575.2965
534.559
542.4858
550.1231
557.9597
581.1665
534.3487
538.1362
554.7047
565.6386
577.2774
534.6488
545.9688
551.6676
569.3368
580.8958
534.4129
539.4684
550.8212
565.5391
574.1808
531.063
543.1259
554.0193
567.1908
577.6426
528.5682
542.3269
549.0849
559.8794
568.3045
524.6408
531.3208
544.343
560.001
571.5562
531.9312
535.1636
548.6015
561.9404
569.6546
526.5704
539.9436
543.3625
558.8617
577.0312
526.7369
539.9815
541.7035
563.4309
571.0182
532.8529
541.1673
547.6689
570.3642
580.1291
537.9089
538.9802
555.2914
558.2081
572.0613
528.2957
542.4914
548.0671
568.8378
574.7235
532.1856
537.9768
544.0597
565.3064
576.9736
524.8472
537.9683
549.8404
561.0781
579.413
535.1502
538.7919
552.144
563.1786
571.4532
537.4962
536.2974
551.2539
564.4449
574.2493
529.6327
537.4353
549.1949
562.025
580.1961
528.5317
535.6803
547.7193
561.0918
572.189
525.1429
540.0483
552.2478
558.4603
573.7498
529.2719
541.2646
544.9087
565.2861
575.0278
533.5625
536.9636
547.1252
557.5992
575.4082
530.1234
534.5442
548.2912
554.7516
563.609
532.4583
537.4834
554.1574
558.9043
575.5452
531.0932
542.9799
550.3835
560.6737
570.2958
529.6551
546.921
551.3804
561.0949
570.8799
531.3617
544.2312
550.7238
559.2555
578.5582
532.4933
534.29
552.7274
558.5715
571.8652
522.6667
532.8902
557.3779
556.5213
580.7203
531.9253
536.0873
545.5487
559.1181
576.9028
526.832
534.0816
547.7371
558.7236
565.8832
525.1844
537.5135
540.8382
557.6202
571.4523
525.9574
538.0086
550.3702
558.0712
576.7648
529.3081
535.5288
542.992
560.0609
572.0152
532.736
537.3845
550.3513
561.2217
573.7904
533.9698
543.7119
547.9865
562.6874
576.8184
525.8808
542.1295
549.9148
563.8543
584.1591
530.0741
543.9071
555.4821
560.1016
577.1933
526.652
540.4772
549.6416
558.0755
573.0355
522.587
537.6168
541.3608
560.5362
568.0625
529.7529
534.8543
553.2233
562.3472
572.5618
530.7793
537.3487
549.3861
561.7131
567.5708
538.4934
534.6719
553.3152
560.0286
574.0905
525.6464
536.0002
544.3175
565.2436
569.062
530.9444
536.0798
546.9189
569.2175
567.688
535.6685
539.5787
555.3731
563.4045
580.7497
520.6912
516.3366
514.5585
519.6047
522.1757
467.6122
482.5114
493.9491
499.9705
510.5111
468.0026
478.2757
485.9671
506.1255
514.9577
472.5194
461.212
469.8018
463.198
468.1123
409.8086
419.0503
431.1885
451.1949
455.569
411.7216
421.0811
435.3486
449.0713
460.0428
412.3143
423.4418
429.6991
445.43
454.698
412.6902
423.0295
431.0062
445.5834
456.485
409.804
424.6006
429.2633
445.1132
456.7292
417.256
420.3702
436.1998
439.8015
452.0903
467.5946
479.4794
489.6204
496.8101
510.4185
473.0365
483.5113
490.4933
502.7805
512.59
481.6873
479.0746
494.5341
503.8381
512.5633
528.8261
537.1946
548.1789
560.7141
572.1453
533.9512
542.8737
554.1204
564.7622
575.5227
534.4135
530.0913
544.6414
561.3736
567.3359
529.6367
530.7763
553.0202
560.6153
577.7144
528.784
538.0055
552.4888
557.9483
567.2794
530.2694
543.7724
554.5293
558.845
574.4061
524.1906
545.2796
549.6667
567.9117
573.2562
533.1539
546.7709
547.3191
557.1827
573.526
532.2946
541.602
557.0985
561.399
570.8957
530.4132
531.2435
547.0153
559.7872
572.2176
532.6184
541.0107
551.5547
554.8186
575.581
532.6115
542.6682
551.95
559.5704
574.7103
539.717
533.4468
547.0586
566.735
582.4676
535.6138
540.8048
551.4026
557.3174
568.351
528.763
542.5729
544.0712
560.1542
571.0651
529.9715
533.4379
547.3284
559.4783
570.7722
533.8509
538.8073
549.5855
566.7889
567.1088
526.3142
532.8914
555.5449
554.87
572.739
537.2547
535.2723
558.6646
557.6642
584.4868
527.5889
542.6586
561.6688
566.4334
582.2262
530.261
516.6278
522.297
523.215
522.4307
476.7717
479.3732
498.1289
506.3881
515.4855
475.843
480.3369
497.7665
505.5618
513.102
478.1112
485.0544
491.1133
501.3326
516.9621
474.0356
485.2242
493.041
506.8837
511.4787
474.1222
482.4443
498.4824
508.3458
517.8945
475.4194
489.1401
493.0642
500.7173
514.738
475.1485
476.328
493.204
503.4301
515.7832
474.1361
476.0626
488.8534
504.0841
515.2277
467.575
485.5855
488.923
502.9129
516.2365
534.64
545.9155
548.301
570.5287
569.8305
299280.2188229561
