times
5.1441
10.2003
12.0927
15.4614
20.1703
23.9198
26.8019
30.6895
33.7732
37.8167
41.3602
46.6295
48.7272
54.5
54.5692
60.0231
61.3681
63.2754
67.0132
71.0606
74.407
78.5048
81.3169
83.936
87.8943
92.0956
95.0958
98.6749
103.5018
104.2187
109.3793
111.6893
116.356
119.2322
123.571
129.0886
132.0319
132.5286
138.3321
141.9887
145.8631
146.0329
153.3884
154.7592
158.2009
164.0728
167.8877
170.3908
174.032
177.0173
164.1473
167.5711
168.7872
171.5108
178.4847
163.1406
166.0368
169.9899
172.2692
177.321
164.1446
167.728
169.5608
172.7862
179.3318
163.6168
166.3692
169.5735
175.3829
175.3447
166.873
165.8572
170.0351
172.955
174.8241
166.1964
167.8311
167.9557
174.2589
180.5111
164.7239
167.0151
172.3684
173.7082
178.8602
162.5498
166.6868
169.9323
175.4981
175.0321
165.3092
166.1369
167.8541
174.706
177.5414
164.8806
167.0969
171.6214
173.8608
180.4454
164.2849
165.3748
171.917
173.0195
185.2777
166.0407
165.3001
170.7243
172.2331
178.7381
163.6583
166.7232
170.3789
173.3856
176.2805
166.3904
166.2173
172.6513
172.7052
175.3988
167.0395
165.194
173.269
173.8729
177.5717
162.4241
167.6928
167.8554
173.8858
176.9431
164.9047
168.6039
170.2133
173.6476
177.1509
165.8405
167.477
169.8815
175.3762
176.2354
166.0338
166.1248
169.9368
172.9457
175.5517
166.0265
168.5744
169.2054
174.2656
179.4649
162.2147
166.3075
171.3843
173.6194
174.2133
166.0299
166.9422
168.7379
172.7009
176.9634
164.638
167.4572
170.0554
171.8219
178.934
162.2254
167.1746
168.5104
171.1782
178.4544
165.4338
168.8339
169.9897
172.6759
179.4277
163.1228
164.6755
169.8553
173.3735
176.6435
162.1242
167.2594
167.7167
175.3522
176.2553
163.4212
165.1944
169.0661
172.4653
179.9623
164.0627
167.6437
169.9828
174.9609
177.4029
164.2314
167.0713
172.1588
173.1663
179.4414
164.543
167.0921
168.4951
177.6494
179.5201
169.3721
166.7358
172.5417
177.3237
179.7972
169.0901
167.5301
169.9501
175.787
177.3423
164.4379
167.0503
171.2939
176.7417
178.765
165.8937
169.5932
170.1534
177.4309
177.7671
164.1367
168.8739
171.2943
174.7263
178.9021
165.2694
168.8014
173.1719
174.2923
178.9669
163.7426
166.6861
170.138
174.7075
179.7497
164.0089
169.8792
171.0891
171.7612
181.7507
162.2385
167.1715
172.1382
174.1847
177.8769
165.895
166.3278
172.1825
174.5357
178.3552
162.6975
169.6847
171.4806
172.3789
180.2063
163.4465
167.6674
171.6978
173.4805
179.638
165.4224
166.4819
170.9813
176.196
177.2288
166.1252
169.3349
172.6514
174.6605
179.1048
163.514
171.2768
173.0431
172.6315
184.9373
165.8281
171.8779
176.5462
183.185
178.5495
169.5494
169.2252
170.8677
172.7829
179.4448
164.0057
168.9972
170.0789
171.8695
177.3887
164.7903
165.6273
169.6203
174.2135
176.177
166.4564
169.1591
169.0151
175.5414
181.3498
162.9429
169.5891
171.6395
173.6615
176.3271
166.7863
168.7481
170.064
172.6084
178.8865
165.1065
170.8266
168.9216
176.0046
177.444
164.1589
165.9084
172.1145
172.6287
179.1299
165.2307
170.9675
171.8295
172.902
178.3149
167.5777
166.1587
170.8805
176.6398
178.3336
167.7836
167.1285
173.6326
174.593
180.2036
165.6088
167.2636
172.6641
175.6937
177.4244
168.0846
168.6639
169.8797
177.9122
176.5979
169.3556
167.79
170.5261
175.4769
177.4179
167.832
168.3417
171.5786
175.7399
178.0183
168.15
167.3985
173.1784
177.2149
178.5801
169.6135
175.0253
172.1553
176.37
184.9187
180.9998
178.0056
186.6688
190.0429
195.9179
179.6481
181.1308
187.804
189.9483
193.4955
179.6713
180.8338
170.0374
178.1127
180.373
167.4754
169.157
174.9605
176.8654
180.1812
166.4899
167.5632
173.2168
177.583
179.3084
168.2952
165.5891
173.5192
179.8071
179.1012
166.6371
168.8447
171.9627
177.4375
177.9477
167.9077
167.3809
172.7302
174.853
192.0525
185.4087
201.3883
179.0859
177.5084
189.4444
185.0833
196.4304
190.3563
189.539
193.7167
168.6956
170.2898
172.6842
176.5889
183.6997
172.3204
179.1119
181.5811
196.833
189.221
174.7173
175.3795
188.1042
187.0875
193.0004
176.8955
171.741
183.7235
174.3602
182.0196
165.6989
170.3796
171.0968
178.2358
179.5213
166.3335
167.9592
171.7491
176.7317
178.0874
187.1987
186.7278
191.5452
192.8872
197.7152
182.3437
185.2552
189.2651
195.5863
199.1387
178.5279
180.1372
177.136
176.0466
178.2732
161.5979
159.1696
168.7149
171.272
175.3217
158.6107
159.6933
165.8009
165.1986
176.8369
159.2715
160.3149
162.9927
170.0986
175.9255
149.8194
152.578
151.7064
158.601
158.5707
149.6623
150.545
155.3617
158.4121
161.2241
149.778
150.5766
155.6708
156.9538
160.4983
148.5329
150.143
153.1798
156.0306
159.0264
98858.78256011009
