times
4.0355
7.6823
11.5319
15.306
18.5299
23.8052
25.6603
28.5392
32.1454
36.7305
40.6542
42.5825
46.4306
48.3676
52.8747
58.8873
62.2039
63.1791
64.5432
70.4689
75.5496
77.3263
79.2022
84.221
88.4864
94.3573
96.1413
98.2507
101.4446
104.3429
110.7332
112.5606
118.0806
119.8842
121.676
126.8557
127.5402
134.3644
135.8583
139.4728
141.8805
145.9218
150.1803
156.0097
158.3127
162.5946
168.933
166.7807
168.2378
176.3583
161.7061
164.6666
167.3089
171.9792
172.2997
155.6481
159.6425
160.8228
165.1698
169.2416
154.6929
160.7227
167.605
169.8387
173.6949
161.7273
169.08
171.6467
173.9352
174.9172
161.9505
166.9611
166.5417
167.0033
175.4008
161.7996
164.3776
168.8676
170.2626
175.24
160.8741
167.0412
166.5937
168.0112
175.4324
161.2541
168.6107
163.2009
166.2407
166.8868
154.8901
159.1454
160.3144
163.1528
168.6108
154.9488
159.1623
161.2037
164.8598
170.4061
153.345
161.4587
160.0662
165.5972
169.7382
156.8782
157.4766
163.058
164.4744
166.0194
158.7011
159.158
161.2187
164.6762
168.4222
157.834
157.5298
161.8444
164.52
166.9356
154.4544
161.4271
159.7968
164.3598
167.0604
154.6736
159.6672
162.1006
164.4904
166.184
155.2517
156.853
160.1971
165.2535
166.374
155.9139
161.495
160.8026
165.6494
170.519
156.4692
158.0529
162.5872
164.9129
167.4512
154.6765
160.271
159.8661
163.6894
167.6258
155.9133
159.1092
157.7331
164.7887
168.2459
156.3733
157.9022
160.1756
162.3924
168.0933
153.6414
156.2972
158.9787
163.4087
168.3697
151.9709
159.5947
159.1113
161.3896
168.6655
155.9428
157.32
162.0162
163.7418
165.9824
156.923
157.0878
159.4468
163.4819
167.1777
156.5178
156.6699
158.8071
163.6307
168.8111
153.1288
160.2345
159.6438
161.5845
169.0037
155.8874
157.0898
162.0304
165.0444
165.9572
158.7325
158.2717
159.3625
165.1575
171.1123
155.5118
156.6299
161.9488
163.8549
166.1831
156.3694
158.0135
161.1618
164.7266
167.1499
155.8551
158.2133
163.0939
164.0653
169.3598
154.8636
157.8512
160.8022
164.9129
167.1301
156.8992
160.0206
162.2325
165.9477
170.2394
156.2605
158.6991
160.8833
165.7147
167.3616
155.2842
156.4654
160.6042
164.8815
166.0231
152.7293
157.565
159.7097
163.2851
166.3812
154.1169
158.9172
158.1035
163.6811
166.3952
153.217
158.1503
158.845
164.8302
168.5351
155.6922
156.7175
161.9563
163.3244
169.1547
154.859
157.3938
161.6144
163.4033
168.2823
157.6643
159.4337
161.8141
164.3167
168.5468
154.1249
156.6882
161.8794
163.3951
167.6632
156.8003
156.6267
158.3928
166.1883
167.7386
155.9775
158.0191
163.6895
163.9138
167.2137
155.0607
157.3122
158.9961
168.0007
166.6417
154.2637
159.6086
159.2863
166.4415
166.7159
153.3833
156.645
161.9645
163.5773
167.8379
154.2098
156.0479
158.7028
165.4514
165.5751
155.5183
155.2792
174.7423
175.951
176.4974
159.7722
167.6785
166.0205
167.3309
176.1258
163.5617
164.7287
169.6377
176.5461
192.2286
164.6315
162.0041
165.6134
168.9137
175.3479
158.3214
159.967
164.3191
168.2191
176.0533
154.5653
160.847
161.6939
163.1872
170.9014
156.3909
158.8078
162.1568
163.7421
167.2221
157.3853
162.0521
162.3536
169.9451
173.9994
157.2621
163.5391
165.0039
166.7118
175.9678
160.784
165.4112
167.3326
172.8502
175.144
164.7609
163.4503
168.5568
170.0642
173.8889
159.6866
162.3915
164.8307
166.9644
171.9188
158.8627
162.1222
165.5423
171.7224
175.4816
158.5243
163.3786
165.966
171.8186
172.8169
161.1263
167.0425
166.1111
170.4656
173.2796
157.4379
163.8761
165.8476
170.6211
167.9293
162.733
159.2225
162.7787
169.6146
172.2691
154.0192
158.7552
164.984
168.3112
172.2862
155.9783
160.8206
161.4005
164.9179
171.8907
161.3919
161.4667
162.483
173.8584
171.5475
155.4197
158.6556
162.049
164.2288
165.7237
158.3024
157.2904
163.3961
163.6097
165.5522
155.5681
150.2184
151.6366
151.8214
152.265
136.8367
142.0895
142.8434
147.0633
152.1779
137.1453
142.1252
143.6033
146.5266
151.3842
139.0281
140.7021
144.5736
146.9739
150.2894
140.9357
141.8897
144.0777
149.0342
152.0315
136.2358
137.7667
134.7029
137.4437
135.48
122.1141
119.4716
117.2329
120.8375
119.174
104.9362
107.4129
113.3602
115.1761
117.1843
105.5782
107.6503
109.8378
115.8273
118.5992
104.9673
108.2408
110.2712
114.7354
116.9991
120.5148
119.3962
118.9535
118.9568
118.6958
105.7362
106.8744
111.5872
113.2591
118.2087
104.4587
108.2396
110.8964
113.8556
116.6914
105.4986
108.1244
110.3389
113.9825
117.625
106.7447
107.2011
110.1318
114.0041
116.7534
121.9548
117.224
121.1821
118.2125
118.4377
124.2475
123.9137
127.2051
132.2625
133.5511
122.0058
118.2217
117.5102
117.761
120.8874
90327.20396
