times
4.2921
8.4491
11.4297
14.8982
19.12
22.5408
25.7388
28.371
31.7042
36.1197
39.389
43.6722
45.7483
50.1626
51.7384
56.7914
60.6198
63.1802
67.0443
70.6574
75.5407
76.0734
79.8811
78.8453
83.2903
88.2107
90.2039
92.3295
95.7128
99.6534
105.0014
111.9361
123.7695
116.8695
122.8544
132.0021
137.4126
129.3633
132.5093
136.8079
141.2719
143.3723
146.606
151.0079
156.7275
157.4049
160.9529
161.3052
166.4189
169.5717
155.9423
159.4073
161.4729
166.1919
168.7063
153.4143
156.911
159.4264
163.5176
167.4947
153.9948
156.3543
161.0006
163.8498
166.1321
154.0704
159.73
162.2702
164.0424
167.6521
154.1827
159.2694
158.7577
165.3667
169.1917
152.8304
160.4509
157.9724
164.7771
166.4652
153.7785
159.9842
159.8948
161.5395
167.6541
155.9837
156.356
159.7852
163.4097
165.4351
154.78
157.228
162.024
164.607
168.9751
154.0815
159.8164
159.8051
162.3461
168.4563
155.6258
159.0181
161.2839
162.4374
167.3301
155.9494
156.3398
161.4385
163.394
166.9008
156.2431
157.1852
160.2599
164.6753
166.3674
156.7204
156.3331
161.168
166.55
165.7029
157.173
157.0118
159.5096
164.1211
168.4316
157.0944
157.9599
158.9215
163.612
166.9926
154.7829
157.7712
160.6641
165.4725
167.4914
153.6988
150.7159
152.506
152.9916
150.649
139.1963
139.5933
145.8665
146.9726
151.6897
138.0668
139.3392
145.202
145.4903
148.7621
138.2483
139.3706
143.0381
144.9875
150.2622
138.2832
138.6915
143.6854
145.447
148.8641
137.6597
139.1463
141.6072
145.158
150.5984
138.0324
139.4804
141.5229
146.0739
147.2863
138.193
141.2878
143.641
144.9088
149.4123
138.0152
139.4203
142.0681
146.1136
150.0113
137.9968
138.2906
140.8177
147.7996
149.3294
155.983
156.248
157.7201
164.5993
166.2942
155.2722
156.2422
158.2037
162.1443
168.0233
155.3152
156.8942
159.6434
164.9098
166.4093
154.4394
160.4509
158.9609
163.7372
174.386
159.5998
166.453
167.4676
170.4097
168.914
156.6638
156.6116
161.327
164.0127
168.4818
155.4245
159.3066
161.2658
163.2965
170.0073
155.082
157.5676
164.0254
163.59
166.4665
156.1578
157.3272
163.2441
164.2897
166.9103
156.4678
157.5354
162.324
160.4272
168.1506
156.5135
156.0598
160.1326
162.9492
164.0537
155.4837
158.9603
158.8139
161.1883
167.9204
154.9463
156.6562
157.7429
163.6484
169.1216
152.9377
157.0619
160.2084
162.0394
166.8418
154.6615
157.9875
159.6791
164.2984
166.9098
154.5652
157.7986
160.9871
163.6411
166.417
154.2848
155.9546
160.2771
164.5091
165.1658
154.2244
155.2107
161.5271
164.2063
165.7973
154.023
155.843
158.5022
163.7968
169.6976
154.9605
157.3508
160.3772
166.8317
167.7275
158.0268
157.3748
159.5827
166.4357
166.1425
157.5372
156.9736
159.4918
163.5761
166.1487
156.7197
156.8696
158.4966
162.1982
166.7373
157.535
155.4159
162.0067
165.4973
166.3311
154.3878
156.8351
160.298
162.6036
166.7509
153.3269
159.8542
159.3243
164.8645
167.7483
151.0891
153.244
149.1989
149.2681
150.4237
136.9953
138.739
142.4115
148.3782
149.4384
134.305
134.2596
134.5996
133.9467
134.3926
121.9791
125.4192
126.3888
130.2932
130.9805
120.9344
121.4314
126.8279
127.5631
134.1281
122.6295
122.5734
127.5802
131.1292
132.761
121.1723
122.2464
124.7454
131.9751
133.8778
121.7511
127.0867
125.485
129.5577
133.0085
121.2432
126.3097
126.1459
129.6601
135.1283
124.0343
124.5244
126.2329
131.1315
134.6632
137.2756
143.107
146.5505
146.378
151.6935
137.5935
134.8222
132.9408
136.5439
132.8578
141.2586
140.4675
143.5389
148.9092
153.8479
139.8466
142.2793
144.7023
147.2585
150.3637
142.0792
141.003
146.1254
147.6682
151.2482
136.9341
142.3085
147.1421
147.1476
154.0559
140.8587
164.9411
153.7952
151.3707
155.7687
140.8228
144.7809
146.5333
147.5355
152.6697
137.4331
141.1853
145.1975
147.6411
159.834
141.7348
147.0775
150.1786
152.1382
159.4383
146.7311
144.329
157.3128
151.9609
156.7876
158.1975
159.0618
162.7011
166.123
170.6526
154.2596
154.7488
153.2082
155.2291
153.6767
140.7977
144.7305
147.807
153.6117
152.6467
143.8136
143.1316
149.2819
150.4817
152.092
142.7435
140.2049
143.4977
147.9336
150.5687
136.2914
140.9799
141.3424
144.6022
148.8515
138.4306
138.9276
141.8846
145.477
147.2228
135.6742
132.0081
134.3893
134.9278
130.7779
117.7721
116.5583
117.8522
114.6537
118.5616
107.3998
107.1454
112.1585
116.8327
118.7397
106.1264
107.4739
113.4881
114.5287
116.5547
124.7151
123.2384
129.4085
129.8247
134.7244
122.5881
118.9603
120.0363
117.6756
120.7386
105.0921
107.3078
113.3196
116.9535
118.2308
104.469
103.0348
104.225
103.659
103.7943
89.595
92.526
94.1232
100.0584
102.066
86392.87984490395
