times
11.7599
21.6329
33.0053
43.723
54.4446
68.8623
76.4568
87.0028
95.9947
109.5752
122.9199
130.3957
140.3537
152.8179
161.1565
175.0351
184.5144
195.4619
208.2304
219.0044
226.6559
238.5483
247.7184
260.0447
268.0719
284.8988
291.858
304.4972
312.2301
321.5305
341.3498
350.1288
358.1611
366.7178
384.1151
387.4068
401.6291
421.8927
428.2507
443.0276
458.4177
453.9699
467.7822
480.9148
491.056
505.9535
512.6547
522.1398
540.4835
538.7975
504.5911
506.2256
523.7189
540.3155
539.7753
506.0205
511.5678
521.3116
533.3073
546.7036
503.9167
512.3068
521.9606
531.1304
544.7424
502.922
512.5254
520.5503
537.3307
542.0718
495.0063
517.3355
516.0774
531.9384
543.7785
496.0645
512.1779
529.675
534.6121
541.4897
515.1387
512.1471
520.0685
535.0719
536.945
501.6634
522.7091
523.3313
528.8576
536.2778
501.972
513.0397
528.7244
537.52
548.0297
509.9121
517.9607
514.4053
539.7059
551.5511
505.7661
511.611
522.4359
529.0191
554.2999
494.9062
506.8191
521.4103
533.6412
543.024
507.3698
516.7141
522.1053
536.4092
540.8979
511.967
509.687
524.6562
548.0994
548.5781
511.5219
509.2899
518.0375
534.7642
545.7849
508.2353
515.9208
526.9134
538.4757
545.7488
502.3668
508.4229
522.5884
539.1552
558.6107
503.2095
529.0235
525.9926
537.2116
548.5117
509.5456
505.3083
532.4139
527.2782
552.935
508.4327
504.8187
526.4719
529.5266
550.5329
497.0875
507.3811
519.1021
546.8982
541.7133
504.5247
511.6305
526.3992
524.1121
548.746
506.7411
507.9429
528.9641
528.8607
547.4977
500.7126
512.8262
522.7185
527.9843
554.6792
504.5513
512.6868
519.6574
534.4175
544.5812
510.3759
522.9612
527.4157
531.5046
544.1876
507.6833
505.555
519.5248
540.1761
541.0029
497.9977
513.9609
534.4197
534.2716
540.0752
503.6322
506.4254
532.5537
536.4855
548.6177
506.1661
514.3783
527.7329
531.5715
541.9314
500.5053
511.9733
519.1493
534.6821
545.4476
508.5958
519.4366
524.0533
542.1765
548.0014
508.5279
520.7465
527.2753
539.3892
549.7093
505.2189
506.2008
530.1513
541.5262
549.0325
507.6975
515.407
522.6803
536.0234
552.625
505.6578
512.5645
533.2696
540.1883
545.742
507.8854
514.2656
529.7036
534.3797
548.2819
505.8545
519.5728
520.5609
536.5965
543.1491
512.9675
524.6369
521.2824
530.9469
550.134
500.8632
518.2706
528.7949
536.2852
550.7143
517.8116
519.163
525.71
534.0767
538.6863
502.5548
507.5197
520.9501
533.1137
538.1431
507.6482
508.5832
518.6658
526.3399
536.592
489.5493
495.3277
517.9029
525.6033
533.3262
490.5632
502.7496
518.0233
532.4538
540.8091
499.2022
506.0711
516.6324
528.8678
536.4428
499.196
507.0454
512.7482
526.315
540.7312
505.0198
509.3766
517.5753
537.4733
540.015
490.4025
504.9589
523.4533
525.6143
540.0846
496.4622
498.811
507.0576
530.8743
538.6045
498.9729
506.8767
510.4175
535.2356
537.7165
494.8552
510.8304
520.8982
523.515
542.8711
513.2585
520.704
535.5924
544.9846
551.1613
515.5364
526.2613
528.3726
547.2793
557.8421
513.5502
518.1911
533.8064
544.3683
548.9984
515.9895
526.5702
531.7712
542.4477
557.5607
514.0196
524.952
534.6023
543.6108
557.8261
517.5911
518.5238
541.1107
541.5153
561.7671
520.9954
523.5806
536.1795
548.309
559.0424
514.383
526.5716
527.8314
544.6844
550.2861
515.3822
521.2925
536.0523
542.4664
558.8231
514.9884
519.6983
516.0885
536.4842
550.4232
498.3044
510.5641
523.2948
534.0732
550.5194
508.8724
517.2828
517.0849
533.8946
550.2728
507.1552
509.473
525.0016
537.4306
547.0776
506.026
509.4527
519.3824
531.8892
549.0448
499.1231
513.232
522.2063
532.6511
547.153
500.0758
517.615
522.5863
530.5924
546.7343
499.456
498.2292
495.8328
497.0015
493.1375
446.0435
431.3063
440.0105
438.297
442.4843
381.8767
388.7276
382.6483
386.0366
383.9044
348.8357
354.3967
366.4904
373.3305
394.5393
345.1111
358.0811
364.6035
377.6976
382.4455
346.3288
356.0732
364.7259
374.2691
389.4515
339.8729
338.575
340.8266
336.0539
342.5453
287.6897
299.6142
309.3033
323.8802
329.7024
293.2254
298.1916
312.3776
320.6449
331.8329
288.773
296.6814
307.9941
316.9083
329.4526
343.3812
338.4671
342.8763
344.7304
338.5722
346.4885
357.8411
366.9442
374.6558
396.6348
397.3382
394.8766
395.3943
395.9281
398.0176
346.4074
340.0483
340.5157
336.5298
339.4949
287.9597
298.7123
310.2728
320.129
327.074
287.2102
296.9573
309.7277
321.1935
330.9877
345.3679
353.3494
367.9936
375.7817
389.6647
339.9562
350.4107
371.8773
378.1126
385.1292
340.6866
356.8548
363.859
374.5754
386.6422
350.041
348.1304
368.9748
373.4995
392.5023
400.1388
391.3053
397.1793
393.4931
391.0812
336.494
341.1306
349.1557
361.7014
369.2638
273812.4039335251
