times
4.148
8.9093
11.6582
16.3437
18.8056
23.6788
25.3995
28.6943
32.6642
37.8243
40.0868
43.7772
47.6919
50.4696
53.6312
60.6067
64.514
66.4838
66.1123
76.3756
78.4081
78.0835
82.6291
86.9299
90.1212
95.4342
96.8496
99.4211
103.0277
107.3439
113.6881
114.0899
121.3301
123.9024
128.1367
132.4621
134.1709
137.9932
147.2865
148.4839
148.5465
153.9393
154.3676
157.9869
159.6162
164.8887
168.2755
168.6561
173.243
177.3744
163.6491
171.953
183.0136
187.6168
195.5548
176.7843
174.5679
176.6941
177.3411
179.9877
165.7169
169.6643
173.7941
176.2487
180.4667
164.8359
170.5724
173.499
176.175
178.8271
165.8547
170.6672
172.4032
174.7936
180.8977
165.859
168.9055
171.0873
175.2721
178.901
165.9822
169.0654
171.3168
171.597
177.7875
161.3599
167.1337
168.0892
172.4576
174.0171
162.2545
165.6603
167.6532
170.5043
174.9967
162.424
165.5658
168.1732
173.1933
177.682
160.6209
167.9236
167.1107
169.9412
176.2936
163.8665
167.4464
168.0128
171.2771
176.6651
162.4393
168.1817
168.4404
170.7323
174.741
162.0777
166.1312
168.1348
172.2417
174.067
160.9862
167.2887
169.7088
171.3745
178.3492
164.0849
166.3936
167.3513
169.3223
176.6951
163.5594
165.6951
167.4032
171.1778
176.8011
162.8767
165.6064
172.4802
172.9543
178.7099
161.9459
168.3174
167.0387
169.8004
177.6303
162.8551
165.4055
167.3019
169.7621
175.5638
162.8135
164.1861
168.2551
170.7179
174.7054
163.0444
166.2971
168.696
171.0792
173.1664
163.3235
161.7972
166.7373
172.0459
172.467
163.2077
162.8406
166.3852
171.0984
175.8016
164.8946
165.1499
166.6897
172.0384
175.701
162.0182
165.9944
165.9897
171.9976
177.1988
159.7767
164.0461
169.5448
169.9061
175.721
162.3109
165.264
167.1226
173.2627
174.71
160.9258
165.6456
170.965
170.4257
176.6571
164.8222
165.3636
167.0727
171.8133
173.9868
162.9876
168.0067
167.3769
172.5538
177.7524
162.8799
166.0762
170.6234
173.5606
176.8656
162.8122
168.1304
168.2195
172.2625
177.4001
164.9242
166.8019
166.9395
174.5963
179.0482
162.061
168.6803
168.8309
171.1221
178.4628
164.2468
167.6533
168.6222
172.0948
183.9839
166.7643
166.5185
173.9091
180.9051
187.6107
173.0337
176.3228
177.1166
180.6701
183.4741
170.2805
173.3041
178.956
174.1308
176.6208
161.1315
165.979
170.5678
175.2618
176.5795
160.8589
160.3316
159.2338
160.0138
158.9973
147.3391
147.0173
152.0959
153.8992
160.2805
144.8682
148.8909
150.3259
155.6396
160.028
144.971
147.6396
151.8976
156.1935
157.6062
143.773
149.6464
151.1009
155.005
159.3322
146.4004
148.5636
154.1925
154.7033
158.5655
145.8177
151.3546
152.8389
155.1485
158.896
144.6614
149.7075
152.7189
154.7805
161.4698
145.0145
147.967
152.464
154.9666
157.1296
146.6246
145.6488
153.9367
155.2748
156.5371
163.9409
167.1921
167.1804
173.7303
180.1338
162.5909
164.3151
167.1447
176.0512
175.8464
166.5664
165.1313
167.3335
174.9942
174.4014
165.1889
164.7034
167.6125
169.8412
177.8976
160.1022
160.3849
160.0208
159.0408
157.1801
148.9891
148.2853
150.9387
158.5665
160.0258
145.8845
147.6915
153.0924
154.743
158.2956
148.0737
147.8463
154.0039
154.8347
157.8481
146.8131
148.3229
155.172
156.1611
159.4955
148.0411
148.8632
152.3014
156.5314
161.087
147.3309
148.7048
152.4591
156.1314
158.8967
149.6544
149.486
152.1368
157.3216
160.5006
145.8956
151.2377
152.6305
157.6793
158.0175
146.5334
148.7206
153.0997
156.4254
161.0901
163.5251
167.5071
170.195
174.161
176.3455
161.6435
159.5574
159.5918
159.6774
158.3537
147.0684
149.1821
152.3861
154.1523
158.4416
147.1494
148.1122
151.9626
154.4277
161.1678
146.6053
148.3557
153.4368
155.0789
158.5682
147.3023
146.7792
153.9709
155.4804
160.422
145.4842
147.7835
153.4233
154.9498
157.7736
144.5791
149.1666
150.0999
155.9677
160.041
143.1059
141.3534
142.0485
140.6256
144.3302
127.639
127.5742
136.132
135.6264
140.7608
126.815
124.4819
123.9382
125.7347
126.038
128.8687
130.356
135.7031
137.4568
138.475
123.4373
128.7515
129.4166
135.257
139.6308
124.0107
125.2622
131.0823
135.1674
137.332
123.7327
129.5043
129.8821
134.9353
139.375
123.9862
130.0681
130.7419
135.9592
143.7685
126.5829
132.1979
134.3045
136.7823
139.3026
129.4404
129.9851
132.2312
138.3265
140.1771
142.1544
141.356
141.1245
141.5198
141.9011
127.2916
130.2699
132.3847
136.3298
140.1059
155.2244
154.5196
148.3424
145.6446
141.2435
132.0172
138.7591
145.1142
149.8871
151.6374
141.3118
139.4572
144.0592
140.2491
146.0237
132.0885
139.7115
137.0959
130.1989
131.719
110.669
111.0533
109.7926
108.8095
109.3306
101.8936
98.0557
103.519
107.1995
112.8951
91139.36709141731
