times
11.864
21.7201
32.5187
43.1578
54.9043
67.4736
74.807
86.0321
96.3205
108.7896
123.1906
130.5565
139.065
150.8032
160.7983
176.2281
186.0942
195.919
207.2778
216.2313
226.5122
236.0666
244.8715
261.499
265.4614
283.3121
295.5521
300.9177
314.1808
323.0032
337.0085
342.5801
348.8518
363.5597
374.2466
383.0498
392.3876
407.8342
416.6029
429.4255
446.2863
447.4097
458.756
472.2494
479.4786
491.6685
502.2696
512.9005
524.3434
533.0717
492.081
499.4072
512.5523
523.0582
535.3102
502.0758
501.1737
515.788
525.019
539.2217
491.9546
511.4862
526.5378
532.4828
537.6301
490.9501
503.0183
512.1246
522.6892
534.5055
488.2469
517.1079
515.8055
523.8505
535.0257
498.3587
511.6144
522.4428
527.6834
532.5915
501.1867
506.1379
511.2576
530.0044
534.8831
493.4197
513.8349
518.1339
527.8456
532.2393
499.308
508.7126
514.475
535.8466
531.2508
501.7578
506.7805
517.4442
538.325
540.495
501.1519
516.7049
521.0353
526.0355
534.8168
495.8624
503.4989
514.645
531.4061
536.5165
497.9889
506.4605
521.8152
535.6188
541.6243
516.6795
513.803
525.0193
539.315
542.8363
504.8735
512.5117
527.2225
535.4465
549.9225
506.3346
513.9515
523.4955
527.3531
552.533
502.3688
507.8399
521.0675
526.4438
550.0994
501.6811
517.7522
520.6746
540.5568
543.0505
504.1413
512.3862
523.4072
530.7519
539.0935
498.3393
515.4359
516.5242
540.4919
542.4044
500.7121
512.1093
522.0014
528.8894
546.4436
502.6806
503.3408
528.7815
528.0458
542.972
511.2942
507.0741
518.0543
527.7728
540.3666
500.0748
502.5751
523.5742
540.6425
545.492
507.1495
515.1145
519.6507
532.3856
549.4105
502.5095
513.6712
520.5055
535.4307
547.2399
503.952
520.7363
518.3075
536.0725
547.7087
506.434
516.5302
525.1574
536.2461
542.4085
504.9612
513.1348
528.8552
528.0959
555.8813
496.029
514.8479
516.5912
529.382
546.4536
504.3768
507.7684
512.9244
534.5056
549.6859
500.7117
502.236
488.7476
489.5233
488.5082
446.9008
457.3822
467.2239
478.6112
494.7618
455.2223
460.3571
477.33
477.3853
490.079
451.2255
456.2449
463.1864
474.4391
487.0993
443.4548
447.3214
449.1359
464.2559
476.0654
433.7834
447.3893
451.2656
463.233
475.4992
435.144
437.4556
460.0038
461.5875
471.5184
429.2334
439.212
453.2406
458.7651
468.4728
433.0347
441.6618
451.206
464.7571
474.8316
432.4177
439.2379
460.3834
473.2071
474.9008
497.8053
507.7407
512.997
517.5488
527.8243
490.9448
496.6159
502.5736
529.8309
530.5404
481.7491
499.9887
511.3827
522.2951
528.9705
495.8901
503.2924
505.1485
528.9819
529.8869
502.3549
506.2087
528.4112
535.5307
545.8646
503.9347
512.4411
522.5931
529.7143
540.6656
505.3997
501.9128
522.3806
528.5296
542.4174
497.8781
509.3683
509.3665
527.1961
540.2993
493.9848
507.0632
523.1815
534.2223
544.4715
501.2377
514.5198
521.4453
532.374
535.9534
497.7387
486.5237
487.6766
498.3141
493.9536
457.1955
453.4019
467.8202
484.305
491.04
449.44
463.1066
470.5251
475.8708
488.7512
451.9074
460.3941
475.4367
481.0129
481.2
446.4936
460.0812
466.8243
481.7114
489.0917
446.8027
452.1392
468.0896
479.436
481.8035
449.0361
462.8923
467.6397
477.3766
486.0377
445.7868
456.3273
466.9443
480.5484
490.6639
455.6088
459.6018
467.2749
479.1194
487.6217
447.3702
451.4595
470.7909
476.6869
497.5976
506.8876
511.1568
525.5373
527.6742
541.5572
508.3502
509.6293
521.2947
528.7924
538.1232
495.9151
510.3566
514.8494
531.1141
543.4818
497.61
490.8279
488.1549
498.0232
495.7445
443.7142
463.8864
464.9623
476.5334
484.2242
449.155
453.828
455.9382
475.1692
485.7009
448.0696
449.8441
469.0348
472.0684
487.7447
449.2159
460.8446
465.3293
476.4638
483.6039
448.5488
456.0461
468.1981
478.311
480.8023
446.4013
453.1885
462.6034
476.024
482.5404
448.9763
460.8385
470.22
480.9817
485.0514
445.512
444.5594
441.4381
447.8777
438.5428
394.8053
387.4602
386.3343
391.7889
394.2018
393.3849
398.1831
409.5638
422.413
428.0758
395.3734
397.4416
416.1385
425.7659
435.8579
388.1103
396.8851
419.5513
430.1735
438.5939
395.1595
396.4225
412.7145
426.0289
432.342
392.083
406.071
410.2538
421.2753
432.4048
384.8024
380.3048
385.7355
392.4673
387.1583
334.6482
329.1721
329.2059
329.9253
332.6537
285.0113
293.9623
306.652
314.1655
325.9155
339.6238
347.7433
360.465
369.2603
384.3144
390.3187
400.0385
413.2746
417.991
437.3314
382.1698
387.0663
391.6521
383.5248
384.9997
336.5618
338.2312
332.9179
331.2795
335.9139
278.2342
280.1821
277.4224
278.9539
276.1885
228.9953
240.9384
249.6551
260.4308
273.1446
231.7257
236.3946
252.8124
257.6935
269.4669
286.8505
278.418
278.7599
279.4727
276.8587
266774.48330140114
