times
4.129
7.4287
11.923
15.1255
18.7337
24.7761
29.9381
30.8457
35.311
42.1298
44.7381
44.059
47.3429
51.1646
57.0532
59.7077
64.0005
68.117
66.3835
70.6401
76.9757
80.9406
85.7751
88.1926
98.9368
96.4711
97.3782
102.635
103.1442
105.7823
112.7236
112.2258
117.6732
119.7074
123.137
128.9889
130.8035
133.2287
137.4827
142.7477
146.6225
149.1067
152.2037
157.8507
160.5264
166.9859
169.9295
168.4083
174.8453
178.2566
164.6319
167.9447
171.0948
173.9654
182.4869
180.3505
169.0946
170.4285
175.563
192.8125
170.3316
168.0716
173.0329
174.0719
176.9665
175.7687
183.2478
183.1616
185.6574
188.6461
167.1342
176.5905
175.2188
178.9373
203.8938
180.3595
179.58
178.7256
185.2281
187.7802
172.6666
176.9182
176.6291
186.6353
182.9676
183.1754
168.7137
169.9378
182.6372
187.2392
167.1151
172.266
168.5646
175.0489
179.5776
167.3808
172.8931
175.6547
174.3089
178.4111
176.8113
178.8068
180.707
172.3391
177.2163
165.1723
164.9696
169.812
170.7033
177.6668
162.4159
166.6544
169.1589
173.2948
174.2455
165.8187
164.9725
170.8334
171.9549
173.3975
166.3745
164.7886
171.8688
172.4619
176.1667
161.6269
167.7101
167.1878
173.6417
175.5707
163.7495
167.91
169.2054
172.703
176.6369
165.1776
167.687
169.8109
175.8562
175.605
165.4614
164.9878
168.7798
171.2095
173.6234
165.7813
167.3124
168.0509
174.6794
183.3307
162.0299
166.6496
171.1851
173.1545
174.0359
164.7439
164.422
167.5886
171.5945
174.3204
161.6923
164.3903
168.3115
171.6369
174.8092
162.9114
167.2906
168.6597
171.4868
177.2743
163.9374
164.4878
169.41
172.08
176.8477
163.2746
164.0792
167.6928
172.2894
175.2051
164.525
164.0001
165.6768
172.6174
176.1938
163.7456
166.1759
168.1896
172.2918
176.0809
162.8622
167.0425
171.619
173.3757
177.3442
162.5875
165.3362
168.2009
173.4922
178.552
163.3622
166.7385
171.5165
171.9563
177.468
164.1715
164.2227
169.1062
170.3062
179.6801
162.1439
167.999
168.763
171.132
176.1126
163.0706
164.1788
171.4099
172.123
176.7504
163.8773
170.0676
170.685
172.179
177.3136
163.427
166.8707
169.3062
173.2242
176.4055
163.1239
167.607
172.1102
173.6342
177.1708
162.3844
164.7863
167.4753
172.2337
177.5221
161.9264
167.878
169.2055
169.8599
179.1533
160.789
166.9242
170.8327
171.945
177.8746
164.3658
164.5549
169.3742
173.0906
176.6837
161.5866
168.1457
169.6325
170.4679
178.4695
161.5724
166.1518
170.6014
172.9626
178.8199
162.8861
164.1257
168.7041
172.2023
174.7363
162.7489
166.3175
170.0523
172.0704
175.8252
160.5434
167.0699
168.096
168.9767
179.9939
162.4483
166.6995
170.7178
171.9079
176.2203
165.6298
166.1493
168.53
171.9969
177.8937
161.6996
166.9844
167.2699
171.7938
174.7578
161.9415
163.2262
167.7952
171.6743
180.8036
168.4841
166.6189
167.9702
176.6301
186.0806
162.1927
167.2311
168.052
182.1086
181.7822
163.8963
174.2021
170.5404
174.9528
178.5005
160.8017
169.6154
170.8205
171.4385
176.8066
162.8168
166.3627
173.6779
180.2557
182.5759
168.4356
168.5962
176.4961
193.4938
187.2989
173.8436
173.3004
181.6786
187.9739
196.1936
168.3806
174.8435
178.8766
183.5135
183.594
169.009
176.0878
179.1095
184.3354
184.6943
170.4947
174.4425
178.9601
187.6299
186.0018
168.0097
171.0749
171.1631
180.0342
178.7531
165.8193
177.4057
176.8605
183.6782
184.0641
167.9068
174.6167
176.7707
181.7103
183.9254
172.3035
175.2944
184.6399
183.3223
186.5976
173.3055
177.2164
184.9142
184.7869
192.8412
175.616
177.1998
183.4055
188.7749
192.0749
179.4689
174.52
170.4659
171.554
172.6606
156.2363
159.995
162.7866
164.9617
171.9542
158.6134
163.1981
156.3929
159.9617
163.5117
151.6955
150.0277
157.2713
177.7872
183.262
164.2909
167.3386
172.6444
175.6681
178.1772
158.4159
149.9167
157.79
160.3654
180.5186
163.3419
162.05
161.6718
178.8236
180.4986
166.565
172.6292
175.8486
178.0138
179.5397
168.5869
169.03
172.2475
180.5538
184.0079
162.5113
166.2222
175.3406
171.3665
167.0881
173.3377
175.1771
190.9332
190.0101
191.9884
191.6994
180.1827
173.2141
176.3393
174.9486
162.4098
164.3982
168.7608
170.6183
174.0737
159.8906
156.683
155.703
159.053
156.0625
136.3689
137.4331
136.7479
135.6262
136.4646
121.0536
121.8302
127.9754
129.7357
130.567
117.0457
120.4708
122.0436
129.0519
129.1824
116.0311
114.7723
112.9692
117.8738
113.4758
100.7971
100.0334
117.2292
114.6333
122.8294
111.3043
101.5012
104.9889
106.8407
109.2077
105.2833
106.5312
110.3868
109.5699
109.2041
116.9932
118.3416
119.2923
125.3571
127.7103
114.8456
112.5997
111.3766
112.2325
111.1174
114.4972
111.8827
111.372
110.1061
112.7532
96306.19336557388
