times
3.727
6.7808
11.9517
15.5079
16.6527
20.5066
24.1345
25.8808
25.3343
24.7438
25.2522
25.3562
24.6391
24.8177
25.506
24.9274
24.8885
25.3383
25.5258
24.9433
25.4888
25.3951
25.1568
25.3213
25.2964
25.2856
24.685
24.9383
24.9962
25.8103
25.3134
25.0281
25.3163
24.8775
24.7009
25.3972
25.4769
24.7947
24.7618
25.3472
25.3442
25.0211
25.0111
25.3632
24.6192
25.8199
24.5334
24.9912
24.8146
25.7153
24.2313
24.5005
24.6443
24.4337
24.5025
26.1267
24.8853
25.2439
26.1749
24.7297
25.0027
24.5708
24.4555
24.52
3.826
6.6825
9.8716
12.4392
12.0374
12.6293
15.3361
15.5232
15.199
18.6202
23.8614
25.8725
26.1317
25.6615
26.1648
28.7967
31.7921
33.8695
36.6608
37.1461
37.2515
41.1272
41.1674
43.7342
44.8866
48.345
50.7798
53.4644
55.5111
59.3878
60.7915
60.3036
60.3069
60.5731
60.9147
61.8362
63.3731
65.6168
67.3101
68.1226
71.0323
73.7846
72.8378
74.6946
76.2958
80.5129
85.796
86.7224
89.0297
91.04
90.7357
98.461
78.7817
79.1608
81.3475
84.1311
84.7687
88.0132
78.0067
80.2176
79.65
84.0902
73.9055
71.5539
76.393
77.2535
72.9909
74.7602
75.745
78.9334
76.5905
77.17
80.6532
79.5584
80.6551
83.8728
83.922
84.5035
85.6122
88.8984
89.5706
93.5345
94.7947
87.5745
86.2493
89.3582
89.6765
93.7157
85.8176
86.2764
87.7863
89.091
88.9394
82.6733
83.789
84.8071
86.9664
85.0307
86.4743
84.7239
84.4918
83.9366
85.366
86.8004
90.186
90.4516
95.7008
96.9231
82.1814
83.1459
84.6554
87.5021
89.0721
89.8358
92.9419
89.5588
87.2131
92.2545
92.7422
86.7254
87.6889
90.9452
92.0788
92.7623
94.2683
89.6452
91.4376
96.2178
94.9322
98.8809
98.8639
95.4948
97.3241
89.8646
88.4346
91.8028
95.5216
95.295
96.2288
96.6077
94.1515
96.2407
100.7527
104.2777
104.8599
102.4958
105.0492
104.3341
99.3168
100.0073
109.2084
99.0111
98.3867
99.6257
101.8924
92.1777
93.1164
96.5914
98.4707
100.7154
102.0105
103.9853
105.9448
102.358
97.1303
97.1874
99.9218
97.8474
91.6572
94.1865
96.648
95.3242
94.7497
96.0368
98.4362
94.4868
82.4743
84.326
87.3597
88.0133
93.3015
89.4551
92.8917
93.3088
96.414
99.1818
101.8191
103.2823
96.3925
98.0087
97.6742
88.4139
89.3728
93.0236
93.6078
99.2895
97.6771
92.6372
94.6619
96.4017
93.2258
92.1447
91.8362
91.4186
90.653
93.0417
75.1112
77.8601
77.459
78.7624
81.5569
83.7184
87.3738
85.9103
89.3175
93.895
84.4165
84.147
86.508
86.9151
90.9481
93.5365
96.3656
96.7424
100.8244
101.4651
100.7684
105.4065
92.088
94.5562
96.4394
97.3145
101.271
104.1566
107.0508
94.0806
91.2022
88.944
91.371
92.1669
92.404
92.8009
92.7669
95.8749
83.4279
82.138
85.6161
85.2558
84.8385
82.8457
82.4178
81.1367
82.1435
81.7108
82.6522
82.1704
82.0381
82.9941
83.3572
80.8243
71.2755
69.4646
68.7722
70.3609
74.8808
76.0387
79.6181
71.1452
73.7189
75.1187
76.9403
65.5242
67.9973
60.7775
62.0773
63.7189
48.6948
49.2863
49.0364
50.1978
53.0372
57.4616
58.012
62.1847
64.696
67.4278
60.7718
62.6548
63.4713
65.3399
65.9567
67.2992
68.8245
70.6254
69.4147
67.9274
66.8792
69.321
70.6094
75.9635
69.943
71.3407
74.063
76.2106
76.9441
68.5372
72.0434
74.636
75.9071
76.2796
77.0413
76.4468
78.5635
73.9319
73.3566
72.8572
73.043
72.6143
65.152
63.7152
63.3038
64.9469
63.4394
52.5447
52.6349
51.9456
46.9322
46.2898
38.2987
37.9435
40.495
44.4964
46.6605
46.013
47.8327
41.176
40.9944
39.8038
40.7162
40.2513
39.2373
40.0649
32.4921
34.5426
38.6646
40.2923
35.7225
37.9555
39.7779
37.4379
40.3501
41.8731
41.6776
43.8787
44.2573
46.3032
47.0971
50.931
50.6845
53.132
54.4484
55.1895
58.9364
60.3536
64.8995
65.8374
63.589
64.8112
67.1136
69.6528
72.6898
76.9218
78.1641
78.5064
79.9319
81.2428
82.0736
85.8939
88.4441
91.9867
92.3016
95.3233
97.6294
99.7693
103.0671
93.9823
95.5329
95.9308
97.4335
99.3764
98.162
97.073
96.3616
88.4548
91.1751
91.1419
92.2766
91.9015
91.3612
85.7467
84.9031
87.1891
88.8984
89.9336
94.2212
95.539
98.1646
98.1472
95.8381
95.7355
100.5013
102.3147
103.4079
107.6682
107.7186
108.0016
92.6408
98.1266
87.4904
85.2835
87.6279
88.3109
90.8932
90.3964
91.9265
96.1376
99.1893
99.3264
102.4563
79.9861
77.4993
76.5783
71.2734
71.6008
74.6544
75.8533
78.1497
80.2355
79.4617
81.0352
81.9443
83.3552
75.9575
75.9802
76.0282
51644.56376838684
