times
3.2155
6.5545
9.3879
12.6601
17.0751
18.2741
21.3479
24.1942
28.7478
30.923
37.0289
37.2545
40.2044
44.0753
46.7273
50.8969
52.4878
54.6854
57.1104
62.4581
63.7629
67.6522
69.8842
73.8805
77.4
79.7089
82.3648
86.6821
90.5697
94.5453
96.6271
99.4829
101.3948
103.3104
107.1496
97.6033
100.2827
103.2313
95.7623
96.8922
94.0129
96.6255
101.0437
105.3478
108.6693
110.9822
97.6085
101.7558
103.7146
105.6749
109.9951
113.8029
103.1654
107.1096
107.5805
113.9108
119.1574
119.9174
121.1694
113.1679
115.6967
120.5709
120.8342
124.5465
127.8025
132.037
133.8275
132.4421
132.0711
138.8871
137.179
147.346
149.1068
146.1869
146.9575
149.159
151.2529
134.6243
135.2821
137.7718
135.8339
135.7937
137.5083
141.7962
143.1299
145.5291
145.1906
146.5894
149.7785
154.4689
138.9357
143.5783
144.9035
146.8558
131.706
134.4603
138.5568
140.9364
125.0549
125.374
127.5579
133.4261
109.8083
114.2685
116.2295
119.6604
121.3424
124.7865
110.6538
112.7758
106.8876
108.8331
114.3757
118.4086
120.5173
122.3087
127.3283
127.6447
130.1425
130.6646
136.2412
142.3257
143.3966
143.8344
146.1862
143.3677
145.2671
129.2091
133.3619
133.4871
135.976
130.274
130.9539
134.7186
126.1378
132.4053
122.6504
122.2441
112.0239
116.1272
118.229
121.6179
126.8389
129.9584
131.6637
117.1824
120.8408
123.7975
125.3281
122.6084
123.6528
128.4888
129.2522
132.4082
114.0332
114.5704
120.9909
100.4639
104.9408
106.7677
103.7204
106.4257
111.4122
111.977
104.2844
107.4447
103.4347
105.6725
107.5944
110.3299
115.0881
115.1356
119.5695
123.894
124.8433
130.1055
125.7761
127.3972
132.791
138.4605
133.7538
135.225
137.6029
118.6957
123.2872
123.849
128.3003
130.4768
135.0329
139.7959
142.2883
143.7387
138.7354
140.8724
125.2874
128.5084
129.5308
134.347
137.9134
142.9709
136.4027
137.7023
133.9272
134.8458
140.35
140.5805
143.6945
146.0565
147.9827
146.6569
145.6897
146.4653
155.676
154.5978
163.2017
153.8479
155.3599
157.4501
131.7157
133.078
138.0377
141.1886
141.6706
135.09
139.1767
140.2601
141.9646
145.6311
149.3264
154.1264
157.5073
149.2846
154.3334
156.4206
158.954
163.3594
138.6056
141.2735
142.8473
147.5231
144.1369
148.4327
150.097
153.7411
139.0664
142.732
143.389
146.5516
150.9979
153.0464
156.9699
154.9806
135.1948
138.4412
141.5683
145.4316
146.9891
151.1679
135.3535
130.0747
116.0769
119.8568
121.3446
123.8619
128.3494
130.9826
133.3152
116.8787
118.0345
117.8906
123.7033
111.8983
102.7373
103.6621
108.6105
111.9171
113.819
107.2301
86.6671
89.5556
92.2991
93.9696
98.0487
103.7953
107.0778
104.7141
89.2823
92.2746
97.2379
99.3622
101.8741
103.6108
104.7081
106.4013
109.0024
113.7355
115.2878
119.3001
120.5579
122.8269
130.0597
131.5084
131.6787
135.4232
116.5247
118.2112
113.112
110.5943
115.7709
123.3742
122.6035
129.2028
127.9028
129.5237
133.912
135.404
136.8602
141.317
143.7761
134.583
135.4681
140.8109
140.9881
142.2871
144.1646
128.0701
130.4113
130.0336
137.9921
137.5672
143.5093
144.6308
148.1005
150.377
154.4334
153.99
159.0785
160.5385
163.8842
166.1146
167.8272
173.569
180.3308
163.8432
164.7694
170.5761
172.948
174.2802
158.6755
160.6876
163.337
165.8362
172.7321
172.9192
157.25
159.6365
158.1274
159.5122
163.8985
166.5536
150.9736
149.0621
156.3791
157.5942
161.3236
162.7125
149.9211
150.3222
151.4898
145.529
147.961
151.2825
153.0118
157.3279
158.7411
158.8723
160.0882
162.9839
142.6499
143.4304
147.0354
151.4437
152.996
154.4454
131.075
130.8455
135.3168
138.7608
142.5167
131.0699
134.2635
136.5487
137.6957
125.4068
124.8661
126.6863
131.8321
135.9399
134.9913
134.1236
128.5903
127.2141
132.4602
117.075
118.102
124.1452
130.5512
121.6151
123.4093
128.1624
131.6904
116.1255
116.1004
119.0737
116.618
114.7592
122.9713
124.1186
129.5328
113.257
112.4753
113.2343
119.6715
121.7762
123.7254
130.1578
133.4565
132.6423
123.2834
124.0414
128.5421
132.1345
135.8189
137.6798
141.8503
133.0423
136.014
136.7887
140.2408
142.4619
149.3317
152.5548
154.062
159.2281
145.5632
149.7211
152.5728
155.5412
157.4103
160.7073
166.8928
168.0289
177.626
183.1784
73858.5590262413
