times
9.6286
18.1714
27.3664
35.9655
46.3058
54.493
63.9212
73.3471
82.7936
92.4224
102.3706
110.1666
119.2625
126.1039
136.9722
150.3682
153.9087
164.3312
174.4324
184.2882
191.7482
200.75
209.9409
222.6695
226.4629
239.5824
246.697
257.3045
263.6877
277.6091
284.9352
292.368
304.0379
310.5679
323.4311
291.7629
303.0783
308.5654
288.8124
290.0496
288.3426
290.4598
306.9719
308.8167
318.1182
330.2912
293.6101
302.6302
312.8083
320.9256
326.3615
335.8796
315.9316
322.3165
326.1137
341.265
347.9485
358.9015
367.225
343.3834
351.9324
352.8693
370.3923
378.5189
386.4835
399.5027
404.3675
395.3882
404.2256
412.2845
420.6822
429.7293
441.3607
434.4901
442.2129
449.924
462.2773
395.0633
401.3133
412.6303
401.2774
410.9482
418.2749
424.9972
435.2515
440.4443
437.0024
444.0104
453.0106
463.3149
424.9935
431.0789
432.6889
441.9509
399.4309
407.8872
417.8896
423.3302
372.1146
373.493
392.8972
396.1498
335.7413
343.2907
353.9356
355.4719
367.418
378.1787
336.9333
344.054
327.8835
338.2677
342.3412
354.1568
359.7253
365.9737
376.0629
386.777
390.8817
394.5562
407.7298
415.8673
424.0821
434.6064
442.751
431.477
435.2056
388.4186
394.9993
404.3554
420.4823
394.2924
395.996
401.7413
383.2547
386.1113
365.5711
364.3021
345.9384
349.8996
358.8475
368.4625
378.1013
383.5767
390.8085
356.1068
364.2204
370.7394
376.788
376.2366
379.1746
389.3176
399.96
405.8837
341.5991
351.0832
358.4296
307.4857
314.3856
321.5467
316.516
327.1618
328.9145
346.2263
314.3592
327.0338
309.3671
313.4349
321.1386
333.382
340.8865
346.5797
358.2614
366.6957
381.3497
384.8434
392.5059
391.8704
402.2546
406.9017
404.744
414.351
414.4234
360.2111
371.1268
376.6578
387.5064
399.0904
411.0801
411.9199
425.5751
436.4396
404.271
409.5361
385.6077
385.3438
395.6609
409.5035
417.7119
424.7078
410.1427
417.5771
406.5149
401.3037
413.9034
431.4365
431.5074
438.6126
451.3796
429.6978
435.0007
439.3668
452.4726
462.5808
471.0663
462.2061
477.662
477.6881
404.1712
407.7952
412.3401
424.8559
439.4093
410.4391
413.9492
426.1538
436.4093
446.4352
456.847
472.4995
474.2143
458.8996
469.4092
472.8263
485.4937
487.0798
416.0674
424.1133
439.01
444.5759
439.6213
446.3556
459.7849
466.1743
417.0063
421.9732
435.1333
442.5213
458.2568
460.9335
475.3904
466.7711
408.623
414.4111
424.2951
438.8715
446.4294
451.0568
416.2838
388.5167
352.1803
358.331
370.3898
380.2893
389.6823
398.801
406.4921
344.2157
346.8061
365.4216
371.1238
337.9061
308.659
315.8196
322.1833
328.0382
339.3364
319.0648
257.2278
269.8699
275.5014
283.7405
293.095
304.908
315.567
310.6724
271.4008
276.8785
285.9304
290.1255
301.9001
303.8586
309.9855
319.9576
327.9095
339.6303
347.0629
357.1482
361.3873
362.4429
379.2002
385.9217
398.7551
405.1829
355.3899
362.6733
339.1369
346.5032
351.888
354.7105
368.9364
377.5679
388.9083
394.2742
398.1441
404.1503
422.5361
421.2272
429.0673
403.7274
398.2829
421.1976
432.8236
426.6192
433.1399
382.5634
384.058
395.8859
406.3373
419.0362
426.2489
435.9922
443.6904
454.2601
455.8321
464.7252
470.6433
476.6988
496.9743
498.9925
510.3504
515.4442
525.6545
490.653
504.255
511.8507
519.2337
543.3499
477.5489
479.9087
496.3257
503.3712
509.3551
518.6117
478.5797
480.1653
477.6021
484.478
493.6396
496.1931
445.5068
449.9158
459.2875
468.7845
481.4195
489.7134
446.2951
453.7945
465.2967
444.3555
442.4241
454.908
457.4585
473.0893
479.4696
478.9006
472.3431
484.6839
429.1492
433.449
443.9206
446.3823
465.3628
474.2391
385.1572
394.9326
405.1951
413.1982
430.6365
396.4146
400.791
406.3977
414.8802
372.6966
376.5949
387.3178
401.0516
410.0702
400.9418
408.5556
375.6344
391.9493
399.2559
353.7116
356.6461
374.0829
376.9228
362.095
370.0834
384.5851
388.3312
338.8017
350.5526
362.6943
344.3904
347.5196
359.1687
367.3658
383.1486
337.937
341.4719
351.7213
359.1336
367.9418
379.5252
385.1022
401.6642
406.6075
373.8302
375.0028
385.4917
398.0986
404.9948
418.0147
420.4013
394.5087
408.35
414.1199
430.9138
429.543
440.8444
454.4763
458.5498
476.6142
446.5003
445.6359
452.4738
455.3426
472.323
479.6705
495.5657
493.7865
511.5324
527.6506
207890.97846460342
