times
10.3607
19.8238
30.1394
39.384
51.4919
60.2594
69.5862
80.4633
91.1116
101.1637
111.5767
122.1777
129.7935
137.0792
149.2053
162.0027
165.4719
178.0296
187.1842
198.5966
206.1321
218.6319
227.4904
239.1689
246.441
260.9836
267.1114
283.2378
292.026
301.0734
305.2645
314.2104
332.5335
331.9822
350.4492
320.4155
324.2744
331.991
314.546
318.265
307.2262
315.4877
326.4957
332.078
349.4319
354.9156
325.3812
330.2246
331.4541
347.6289
360.811
370.7252
339.5007
343.1555
355.3139
370.9763
378.1162
390.645
395.0557
370.7929
377.096
388.5311
402.2577
414.9417
420.5324
436.4164
440.4888
435.5092
435.1182
452.2846
458.7996
473.5813
479.8495
479.3039
483.0889
497.9541
494.7247
430.4956
439.4462
448.7658
442.1484
434.3613
450.1211
460.0143
463.7209
486.1558
473.7563
478.751
507.2565
498.9849
452.7827
462.5944
470.8662
485.1826
436.8693
442.4053
448.3129
462.7523
402.5196
408.8131
417.4858
429.6276
368.8489
374.3842
384.2415
389.7065
402.1686
414.2904
361.437
371.6698
348.8756
361.2684
368.1001
381.7718
385.4967
402.6031
410.526
418.5936
426.5985
436.2947
436.9981
449.6661
464.2513
471.131
483.5754
460.5258
475.4868
432.0806
429.9348
445.9249
454.7169
427.6174
431.7033
444.014
419.8174
423.8658
393.4074
402.3844
367.6716
380.7789
391.0274
405.3306
411.9537
422.5961
427.932
385.0534
401.0997
399.0732
417.1495
400.3871
412.624
420.0486
432.2818
441.4723
380.0058
385.5297
398.7321
331.5394
342.7862
347.4198
340.5155
352.224
364.5148
369.7556
338.6447
355.8697
333.7582
343.9951
348.7184
353.027
371.0435
383.1872
395.4995
402.1067
406.2982
417.4718
416.3746
416.9484
427.9472
441.9642
431.3513
447.4965
448.2587
394.3725
399.8599
406.4384
418.5487
436.8431
447.243
445.9778
466.5765
471.6168
440.42
457.1476
427.6537
422.5626
436.7373
441.3875
451.1614
465.2248
446.9422
450.4812
431.5872
442.7366
445.8458
458.7065
477.0671
483.7557
490.3978
473.6582
470.447
481.704
492.2044
500.4792
511.7202
500.1594
510.1257
522.3565
429.3107
436.8177
449.8255
462.1809
468.2295
442.4707
445.8878
463.7967
475.2843
489.8506
488.8213
500.8066
508.5163
500.4548
505.2443
518.2798
530.9006
533.3904
455.9275
459.2009
470.7322
481.9878
479.5802
476.7746
488.4238
504.272
454.622
462.4769
471.6207
481.2245
489.1402
501.5151
513.6568
502.3001
448.496
453.8998
460.862
472.8665
473.7023
491.7445
446.712
421.848
383.3446
390.3763
400.0499
415.2315
427.8208
435.496
440.668
377.3406
374.328
394.482
400.024
362.2756
331.6015
341.1499
348.5583
353.3284
371.2139
337.881
275.9571
291.6667
298.8222
304.0579
317.3939
332.9692
339.913
352.5533
292.9526
300.5284
310.541
320.5891
328.0323
337.1015
343.6405
350.7162
363.6132
383.0687
379.9679
400.3724
391.3931
408.1144
414.712
428.1466
426.9472
445.1457
386.7753
398.9269
363.4421
370.4073
381.1875
399.3717
403.7194
409.4544
427.2244
422.8784
429.9573
452.5477
449.9869
465.8499
471.8596
434.7438
438.871
452.042
464.9367
473.9811
470.296
414.1256
426.0835
434.163
443.2128
452.8075
464.4583
470.9115
488.77
485.7506
493.506
510.4074
506.3537
523.1807
534.9536
544.4711
556.5243
561.9045
577.8037
535.7467
546.2713
555.8872
560.3594
578.4917
512.5603
521.427
530.9437
541.5804
552.0261
564.3477
522.0673
515.9503
514.4622
522.4219
532.1185
547.3385
490.4259
497.3453
503.6932
519.2399
520.7692
530.9774
489.4431
496.0232
500.2212
472.1538
491.7586
504.8228
498.1272
509.9113
522.596
519.1405
518.1597
541.0667
468.0307
474.4268
485.1073
490.3864
501.6942
516.4588
422.6892
432.4959
441.4601
450.3202
471.0798
424.9974
429.6935
443.7613
449.7886
400.3451
416.4806
416.4961
434.0681
443.0249
427.2466
443.1742
413.1889
423.7417
434.7938
383.713
390.2967
402.6236
412.8515
396.8806
396.4425
412.4025
425.6487
369.6717
379.794
391.2273
373.7262
383.9148
396.2593
403.6553
410.6763
364.1927
368.1134
376.4271
395.2029
400.715
410.1838
424.3473
433.2732
442.533
400.9295
407.4011
421.2081
432.3358
438.3929
446.7842
458.0391
428.6583
443.0507
450.4906
460.9777
465.7642
482.763
491.1214
494.3403
508.287
467.1781
481.5996
497.8933
500.59
507.5459
517.9433
535.1256
538.1282
546.7093
574.7178
223908.76165032387
