times
3.8857
7.3397
11.1776
14.6131
18.2572
27.3513
29.1722
32.4098
34.736
40.0832
44.962
51.6344
55.1374
53.536
62.7645
60.5203
63.6813
73.7535
70.6747
73.2473
78.134
80.2094
83.5396
88.2318
94.9626
94.9988
96.85
101.0055
105.2146
107.9801
111.8231
118.0774
116.852
124.4517
126.0817
132.2924
140.4062
140.1696
143.2698
145.018
153.0714
152.1809
162.9544
162.9306
168.4661
171.4192
174.0659
175.5997
179.3887
189.7233
180.2038
173.7834
177.2719
184.6497
194.2582
174.0427
182.0934
186.8548
178.5883
179.7688
175.7716
178.5116
173.9831
188.658
206.5748
182.0894
174.691
178.4791
178.0433
183.1238
168.7016
173.0341
188.6855
185.4448
185.2557
183.5678
173.677
186.9196
180.9151
188.9364
172.5844
179.8684
185.4308
182.1833
194.1825
181.1803
180.2681
175.0216
174.3209
180.9505
166.605
170.7449
173.8976
181.7565
183.7304
161.8961
171.8089
167.9045
171.1714
176.0093
163.0286
165.6823
168.8224
172.4076
175.1175
162.6852
168.3039
168.842
171.8184
177.2917
165.7627
165.2065
169.349
172.3394
175.4513
162.8441
168.1197
170.3122
173.1598
174.8531
163.7924
166.0403
170.0613
171.3303
177.2076
162.9257
164.4095
167.4184
172.946
177.9518
161.2058
166.9958
170.8414
172.2095
177.8259
163.8647
166.368
169.1304
171.7911
178.9759
171.479
164.2111
172.5752
173.0659
175.3982
161.7762
164.6102
169.8433
171.9754
176.1926
163.4225
163.5629
169.1961
170.8325
176.602
161.4986
163.8596
166.2217
172.1629
177.3605
159.9658
164.1534
169.1066
171.1688
174.633
159.8601
165.7349
166.6667
172.3051
174.2369
161.0118
162.66
168.0037
172.7259
175.2005
164.2934
164.037
167.9624
170.543
175.2353
164.2907
166.4892
168.5195
171.6936
173.9714
162.7123
164.1478
167.0821
172.3268
175.7303
162.9831
162.4386
165.095
172.8157
176.4446
165.259
165.5784
168.9109
174.6247
175.7388
165.7136
166.2797
167.8269
174.6741
176.8547
163.7947
164.992
170.6735
171.0931
178.078
164.3975
165.8322
170.2684
173.9184
175.8707
165.8187
166.4633
167.7362
174.3935
180.2407
163.9393
166.774
171.2051
172.9876
175.0988
165.9242
166.7405
167.749
174.1803
178.9675
161.6528
168.9915
168.733
171.4978
178.9717
163.6549
165.0381
169.7373
172.7839
173.9843
165.037
164.8448
166.3361
172.1794
178.622
162.9702
162.6593
170.775
172.0084
174.7712
163.0528
166.5776
167.9058
172.8622
177.2022
162.4517
165.3104
169.3955
171.8588
175.7329
161.7199
164.3227
166.9409
171.7667
178.6546
162.3099
164.3818
169.0653
174.383
174.4626
164.4422
165.248
168.5187
172.8464
176.4456
165.8001
166.0499
167.0219
175.5915
175.1636
162.9921
164.2503
170.9437
173.9467
175.4639
164.3441
166.6983
168.7341
175.2095
176.8113
164.5002
164.0821
166.5821
169.7523
177.0111
163.1262
165.575
166.9854
169.5628
176.2491
165.344
164.9577
168.9993
170.9663
176.3536
165.0209
164.358
169.5159
175.1877
176.3979
164.0779
165.985
168.1574
174.8124
176.0003
163.9598
166.2405
168.5993
172.1852
174.487
163.7103
164.7251
167.1456
175.685
174.3562
162.7091
163.4208
169.8691
172.3669
174.138
162.9678
164.4989
169.233
172.9665
176.0836
176.1355
177.9186
189.1821
180.4561
188.9482
186.3124
193.2716
193.8028
201.7864
183.314
177.8787
166.642
171.8648
176.8623
177.2366
168.4226
169.3449
175.2792
181.7548
179.3878
174.6859
169.7129
179.7946
175.6187
177.8419
170.9212
175.1741
174.8935
178.5588
185.1755
167.861
169.8313
181.5867
181.8818
192.8512
172.1166
174.0975
180.0241
181.7
185.361
168.8822
175.7182
182.7197
181.8594
189.7199
175.6279
175.2557
181.3478
184.8623
184.1467
174.6878
176.1687
176.634
179.3418
187.8982
172.9864
176.7592
174.567
180.9826
190.4733
168.9227
182.3186
190.2575
186.4528
178.6191
169.041
170.0115
187.1929
181.8986
186.6665
171.6246
174.093
179.0792
180.4088
186.4327
175.7274
172.5277
170.5203
173.4899
180.3851
165.3743
167.1173
170.4683
175.1057
177.3614
172.2198
179.9069
182.2629
186.6691
191.4276
177.6422
174.5469
179.0218
180.7356
186.2299
176.0503
175.0247
181.6857
181.6818
183.2867
176.481
187.1831
177.3772
187.1703
193.9501
172.9098
173.2871
174.6351
181.5172
206.3492
168.3213
170.1721
176.2214
179.4849
181.0653
165.6647
171.035
173.8728
178.2274
179.6385
167.629
170.0476
172.3673
177.4427
180.483
167.9764
169.1379
173.4515
180.2259
179.4141
168.733
169.4457
174.6195
178.8366
179.2333
168.4056
185.8832
179.2237
176.1158
198.7497
182.2343
170.324
173.2327
176.179
182.3394
167.8159
171.2344
172.096
180.0178
192.5076
173.3836
172.7342
179.8827
189.5221
179.9428
178.5448
183.3091
184.9022
187.6107
193.5564
179.8147
182.5764
176.6334
188.7267
198.2098
99812.26092863083
