times
12.9916
23.2357
34.9373
45.825
56.9754
71.2303
78.0858
89.9781
99.3047
113.1591
127.6252
134.3988
145.109
157.1214
165.1435
182.1616
189.6518
201.8682
210.7916
226.9229
234.7669
242.801
257.0307
268.8986
282.4275
291.0086
303.9645
309.1644
321.1976
335.1932
347.6863
355.3257
363.2246
380.2392
393.9305
405.3944
415.9875
421.5235
433.448
444.1602
461.4792
471.5144
481.0294
491.9801
506.3304
514.8499
520.6599
529.3973
548.1768
556.708
515.8866
525.2734
537.5214
544.7918
561.2005
511.8844
529.4555
535.3171
555.0288
570.1203
524.7231
528.399
536.0835
552.9667
557.1125
524.8487
527.362
538.8636
557.5252
562.0937
520.8708
528.135
546.3995
551.9352
565.0249
518.3497
536.1014
542.4229
556.1792
574.4954
520.5351
524.3409
539.2716
551.2028
562.5962
518.9631
523.7474
536.6686
548.5245
555.0241
513.5205
523.5233
535.5756
558.0873
566.7458
518.6093
529.1181
531.495
543.2979
561.0773
519.0522
523.8446
538.813
548.5988
564.9017
518.6419
526.5934
536.9665
544.7151
570.0945
525.4324
523.8564
538.1929
557.3872
567.4618
516.8602
531.6648
535.7284
549.2724
563.4916
518.4802
524.5114
538.871
551.1757
563.4905
508.1657
516.8425
526.6915
550.3714
562.8276
510.9113
523.8948
535.118
552.1374
558.395
519.9276
524.0506
533.602
543.5183
553.1002
507.4893
513.2629
524.9338
539.6097
553.8043
516.9316
524.3997
532.4247
543.3967
553.2005
507.9253
518.0541
533.0285
537.044
553.7018
511.5181
515.8599
529.7015
537.6444
552.0682
514.1461
519.2795
528.5528
538.2951
549.1997
521.2229
521.4621
532.6099
553.8652
552.9832
513.1676
514.2534
526.5596
546.7853
555.7979
503.8792
525.2055
533.2334
539.3135
552.9253
516.3484
521.9919
538.0639
547.4786
557.4576
515.931
526.8239
540.8283
554.7448
554.5444
509.1516
526.0397
523.2067
538.8976
557.9398
514.2763
522.9662
533.4225
547.5884
553.4041
511.0704
520.7285
534.8189
544.6963
555.3841
517.5367
523.3237
540.4309
543.5399
559.2248
505.4187
520.1364
538.8416
539.2735
556.3724
513.7984
521.0701
532.9108
541.5746
553.7362
510.5725
520.2515
529.0345
541.4428
554.0113
520.3903
519.0372
533.7213
545.8974
557.3177
515.1667
522.1756
531.0051
548.1856
556.6644
502.4348
524.5541
539.0037
542.1048
555.4158
512.4734
520.2357
525.8923
543.4302
553.3193
516.222
528.0774
526.799
537.9735
556.7343
509.4037
521.8524
533.0963
545.7196
559.2628
507.5602
500.9878
507.8404
507.2728
508.193
460.131
466.5312
474.573
483.4052
497.1657
452.6689
463.2107
476.7174
486.0947
498.116
456.4626
473.7252
476.5688
487.2578
492.7509
455.4678
464.2054
469.1915
494.0686
494.8118
454.2143
465.9434
469.0343
484.5995
492.9017
452.5991
459.4483
478.6345
481.036
494.8603
452.2675
459.7426
473.9869
480.2295
497.0036
459.1446
461.8013
474.7688
479.6308
496.7655
456.9763
457.4079
470.5999
482.8626
509.052
512.8441
524.0469
531.0346
550.9189
549.8511
524.0925
527.0392
530.8638
546.2118
547.7441
502.9246
507.6969
503.058
508.9868
499.6342
452.1439
458.7711
469.6324
484.4269
491.5201
458.664
468.4892
478.6572
480.4669
496.8026
460.7991
462.8621
473.8344
488.9446
496.2924
446.8346
444.4527
442.3921
442.6617
448.0613
398.0369
406.1101
419.625
439.9975
440.7279
397.0436
409.1279
423.7885
437.2212
445.8354
399.9653
406.1597
421.7139
431.6427
437.337
407.3657
411.8045
417.6804
427.6317
439.3628
398.2335
406.3384
422.321
430.2796
446.4146
452.6244
465.0621
466.3618
484.8876
502.5777
459.3411
464.85
467.4571
488.3089
496.9948
451.2263
468.8278
471.0765
489.8612
505.7009
453.8225
444.0558
446.798
449.8696
450.2272
457.1701
458.7484
471.1533
485.9316
496.9359
450.1353
445.1817
443.6544
441.5034
441.642
397.8564
401.5194
413.4805
439.3012
443.0805
402.6935
403.6697
413.1545
429.2738
439.4467
397.1838
404.2328
416.9197
425.1467
441.3246
405.5912
404.7185
420.8818
431.4462
435.9148
398.213
406.0588
418.859
430.3722
449.5515
392.3519
410.2424
416.9217
435.7015
442.994
401.1645
410.1329
426.1208
430.5142
442.4455
453.9494
453.7849
449.8246
449.5975
453.2572
398.9241
411.7525
422.0746
432.9806
439.0084
461.3057
467.2843
470.8977
486.087
502.7673
461.9174
468.5518
479.3803
485.0578
500.3403
451.034
445.5373
448.6565
446.8606
447.4362
398.756
407.7764
420.3688
430.1176
439.0084
404.4963
415.0088
415.2723
436.0812
447.0838
405.2371
407.1089
420.6684
432.7085
439.6744
404.6863
409.0114
420.184
426.5187
430.0806
392.0878
396.0253
417.5486
421.8801
426.6519
442.3861
432.4997
430.6618
434.3648
433.2077
383.5643
379.9716
385.4035
390.4057
377.0307
334.7004
340.2889
348.3636
363.1817
372.6566
331.1358
343.3451
344.3516
362.4511
371.9105
276192.6875665188
