times
3.8628
7.5866
11.0847
14.4621
17.9412
23.0332
24.9841
27.9812
31.6232
36.3609
40.022
46.1815
46.0013
51.2433
53.3765
57.1611
60.9672
62.5894
65.2177
69.3874
73.5683
75.3109
78.8905
81.7979
86.6085
91.554
93.6016
95.8226
99.462
103.1109
109.2003
108.5264
114.5201
116.2615
119.5831
124.5286
127.0611
131.2005
133.8675
139.0799
142.2665
145.2618
147.9877
152.0277
157.0106
160.1112
164.2918
164.3982
169.6025
174.0391
162.9062
165.4553
178.3393
184.8734
186.5885
168.751
176.3754
178.0999
181.0594
186.8389
171.1378
175.1691
178.2826
181.8775
187.9345
174.8352
181.0447
185.6072
188.2292
187.8121
161.9173
165.615
164.5031
169.6727
174.8637
159.099
166.4136
165.3198
171.4162
172.1832
158.0232
165.797
165.6863
166.5896
174.6426
161.3821
160.4167
164.778
169.2806
171.1892
159.277
161.6489
167.2045
167.8922
174.5035
158.7326
164.5898
164.8941
166.7423
174.6538
161.2311
164.1361
165.3811
167.6299
174.0395
161.9745
162.7273
168.3555
169.7684
173.235
161.7681
162.7769
165.1661
170.1253
171.7617
163.0432
163.0583
167.724
172.22
171.4703
161.957
161.8816
165.3131
169.8269
172.405
162.8651
163.3891
164.6933
170.0394
174.4667
160.4005
160.873
164.8075
171.0941
172.325
162.1424
162.7218
164.0748
172.9519
171.2407
162.8943
161.2404
166.2408
175.6419
174.2352
159.5116
162.836
165.8362
169.0757
173.9068
159.9268
162.9553
166.1058
168.9748
171.1211
161.5455
161.0314
168.4822
168.6881
172.5767
159.7791
163.5318
176.1772
184.7477
187.4721
167.3933
156.4816
154.5447
156.5275
155.8049
140.719
145.0019
148.7222
152.1259
154.6247
143.4192
144.302
148.8354
152.5497
155.6454
142.5002
143.7018
147.2083
147.9815
154.9918
144.831
143.6859
147.3942
150.1241
154.6761
142.8975
145.1003
147.9056
151.4346
153.8366
144.5425
146.0075
149.8508
150.3581
153.7442
140.9765
145.6433
147.8597
152.0774
154.8578
137.8602
141.0138
143.0812
137.8505
140.5864
125.4706
127.1507
132.5931
136.9612
138.0008
142.8144
146.8317
148.6364
152.4188
157.9078
143.5628
146.9531
148.0767
155.6014
155.6039
145.7077
147.5751
152.0536
154.8574
157.0447
144.23
145.988
148.8119
150.8514
158.8405
142.7008
145.9091
149.9037
150.6379
153.83
144.1636
143.8871
148.1126
151.1748
154.9424
143.6096
145.0348
148.296
151.0734
157.535
142.8253
143.6845
151.4703
155.3927
154.8179
161.1435
161.7012
166.3911
172.0787
171.9808
161.226
164.8
167.9063
168.8588
174.3391
160.814
160.8657
164.9022
168.6854
171.2793
163.0158
162.3238
167.4078
168.8121
174.554
158.5388
164.9114
166.9433
167.5436
175.5727
158.9202
166.7774
166.5672
169.5495
174.7045
163.0156
163.0283
165.2586
171.4967
174.1796
161.3524
164.0382
164.8161
167.3677
173.2092
159.5413
165.9058
164.9233
166.4181
174.0724
161.2184
161.283
168.6012
169.2897
171.4477
163.2661
161.988
165.2653
169.8667
171.6033
159.8403
160.4133
167.8829
170.3416
172.0208
161.2413
160.3619
167.1339
171.5447
173.1642
160.6369
160.5542
165.5574
170.0995
173.2729
159.3342
161.1787
164.1093
170.1307
175.6628
157.1109
154.0769
157.6214
157.2301
156.0778
142.8207
143.7972
149.8415
152.8889
155.0584
143.7907
145.8985
151.6382
153.896
159.1408
142.5082
149.6951
149.1478
151.6717
159.5011
144.7622
145.061
149.0936
154.187
158.2181
143.9672
146.1977
152.0487
155.5259
156.4786
142.1961
147.3391
150.6551
150.4938
146.2235
132.7728
133.9757
137.1914
141.5323
144.3939
134.5781
132.6584
139.9586
156.8417
144.6426
131.6261
136.8197
141.6647
139.6885
145.2327
151.5666
151.9145
156.7023
158.3236
159.2598
144.6689
148.8546
150.0768
154.4591
156.7983
145.171
146.9872
150.2465
155.0355
156.8426
143.7759
146.6212
150.1779
153.2978
156.0472
147.068
144.8014
150.3017
152.4637
158.3578
145.5273
146.8742
149.7035
153.1719
156.4092
159.6212
155.4162
158.6426
158.7591
155.838
146.4004
145.9311
148.0154
155.0498
156.9027
143.6653
146.4286
152.0756
153.4346
157.1695
142.5255
146.4999
149.2246
153.2401
158.4147
143.9004
149.3553
150.4292
153.5883
159.0939
141.174
142.8287
143.7037
140.3189
142.1245
126.6321
129.7288
125.9115
131.3473
129.543
116.5116
120.412
118.5266
122.8363
128.7283
109.0315
114.1133
111.3329
110.5256
112.4677
93.5267
99.0589
103.979
104.2389
108.0568
114.1574
114.4568
121.3893
121.3993
125.8162
116.0604
117.1568
119.6808
122.8364
127.5144
117.5912
113.251
119.208
123.835
129.2116
112.7017
112.0252
119.5207
121.0839
125.7652
119.1122
123.046
124.7906
128.3717
131.5476
133.4701
131.4138
133.1964
125.8904
130.4342
135.3752
130.612
123.2422
126.705
127.0681
116.8047
115.4554
128.9766
129.8214
131.4023
89015.39886760712
