times
12.2539
22.1513
33.2984
44.2734
54.7392
67.3493
76.4482
87.3483
97.4173
109.3453
124.8359
131.7252
142.5782
153.3718
163.0366
180.1526
189.8093
201.7458
210.6264
221.2671
235.6811
242.2469
255.0234
270.4169
271.6506
288.6839
297.3809
303.031
321.9372
326.7775
341.4261
350.1281
356.3447
371.0532
388.0196
392.6312
405.1
417.3894
432.5641
445.1095
456.5831
461.4948
472.8224
480.4024
496.2025
505.5831
524.7572
524.7079
536.2684
546.6593
503.6337
512.8137
527.8816
534.8147
550.2246
500.9798
510.4359
528.4906
540.1097
551.0203
510.8766
515.8114
528.7478
537.1598
548.4639
506.2434
520.9006
536.9195
542.7395
551.241
514.1002
529.9731
525.1947
538.3111
548.071
510.3811
514.7126
526.5385
543.5551
551.7476
513.99
520.3387
525.5986
537.7076
546.2918
505.9062
523.7459
531.5706
541.998
549.0203
511.7491
513.4376
527.957
545.039
549.5489
504.2118
525.914
524.4682
534.6553
550.9966
505.8296
517.0849
524.9972
539.5079
553.56
516.6351
513.0101
532.5533
542.6524
552.5738
509.3623
519.8922
526.4306
547.1525
557.3876
524.4808
518.3975
540.3288
550.246
567.4398
513.7954
527.3424
530.1312
542.5358
553.7923
512.9224
523.424
531.4788
549.6732
562.1525
514.8299
526.7065
534.9318
549.3883
559.5521
507.8107
526.2088
536.611
542.9188
557.1157
515.7147
519.6982
534.0549
547.0426
557.5338
513.5053
520.3226
534.3522
549.4885
558.8232
513.7446
524.6183
535.0552
550.8461
552.4322
513.7424
525.7997
530.7181
533.8635
545.8568
517.4416
522.8738
531.1991
544.4889
559.1743
517.0397
518.5794
530.0923
541.2364
558.2177
510.4873
533.8565
534.1215
538.4431
555.2552
517.4335
518.7196
527.9794
544.7736
552.7555
509.1228
521.5702
540.6853
538.8087
550.1745
512.9019
525.1319
527.8502
545.7049
562.9559
512.8194
528.9875
540.0755
544.9598
559.8052
518.1943
523.3674
535.8302
542.9201
564.6644
513.9405
526.2724
531.1335
543.2659
551.5008
520.4161
531.3871
533.1262
550.3876
557.0398
522.0539
528.5002
539.7555
541.8569
555.5589
525.9066
521.7385
525.0918
548.0772
558.1313
513.7948
523.9385
534.5282
550.0254
547.012
507.5397
509.427
498.0102
502.3704
503.1921
453.9524
466.2437
472.1163
489.3429
492.0696
449.6695
464.7936
472.2967
478.6167
496.3469
453.8869
459.8473
477.9803
484.4721
500.781
461.909
467.1874
473.4256
491.6779
499.8356
459.4359
469.598
475.7806
490.3804
501.2932
468.2929
469.0152
479.3297
489.6506
498.9836
462.1658
473.4592
477.0712
491.2195
503.0281
459.2267
464.7951
482.4405
496.806
499.4912
461.4039
464.8178
484.7957
492.8395
501.3962
519.7118
524.5044
538.5037
544.274
562.0117
516.1984
531.7943
539.7876
547.458
558.8289
517.1247
521.8183
537.1053
545.9196
550.9324
504.2501
517.1558
525.0544
550.1127
558.1808
512.7973
528.535
526.2063
534.638
563.124
517.0338
518.9145
541.6275
551.5603
550.5122
507.2363
507.5455
501.4067
514.198
504.289
456.7495
469.0368
481.7357
492.5478
500.3121
456.9724
467.8836
475.1071
479.1518
502.907
460.9975
465.7707
475.4613
493.3062
503.0816
456.2847
445.8157
451.4401
451.8399
453.21
408.7303
411.5567
423.934
433.6312
450.549
405.7685
412.6095
425.8114
430.0456
442.7812
400.8371
413.5155
415.9044
436.3329
449.0275
403.7809
416.1996
431.9242
432.3134
441.3519
403.8735
418.2302
424.189
434.1485
453.9038
461.8262
463.5909
480.9982
484.6366
496.9929
458.7266
458.4678
478.7144
484.6679
500.3243
448.8524
466.5301
475.6686
488.6248
512.0702
461.5816
466.6388
476.5278
483.4326
505.2587
517.1044
523.8304
535.7672
537.7445
549.3808
506.2254
520.9307
529.584
542.5872
544.9326
515.8411
523.5447
537.7546
545.7986
557.3055
509.2698
520.0134
533.259
541.1094
558.8136
525.2096
522.0528
542.7695
549.3555
555.2313
518.9762
516.6704
533.2245
539.0524
554.2029
514.206
512.7175
532.163
536.9974
552.0801
507.9654
514.0541
528.6383
547.6244
544.2364
508.2245
521.825
518.4783
536.5297
551.97
504.7863
516.9476
518.4996
535.0551
550.2947
502.0621
495.3726
491.7984
495.5489
496.7875
440.9914
438.2203
445.4528
444.3854
439.5339
392.0468
397.1309
408.0543
417.7361
433.6438
389.2553
399.0172
409.4849
420.7846
432.8287
389.596
397.642
414.9714
424.3953
432.5062
385.8971
381.6508
386.7409
384.7225
381.5495
348.5285
356.0024
367.0381
379.9707
389.044
345.9674
340.2636
341.5616
339.1428
344.7313
293.7232
300.6607
310.5109
325.6705
334.7144
293.8468
302.6678
309.2986
322.7149
335.5991
348.5756
354.4527
365.7678
371.9582
391.1744
400.3973
416.8362
412.992
426.6437
444.4303
403.2963
402.0163
416.1355
428.3809
442.8825
397.5248
406.1664
419.9214
428.2084
444.4616
395.5101
410.8246
422.4055
426.7669
445.5257
276844.10363316536
