times
4.2709
8.15
12.637
17.0453
21.5284
25.0225
27.1323
30.3921
34.3464
39.5006
43.464
45.7537
52.7361
58.6609
60.3546
66.6864
71.4992
70.0462
70.7641
78.0369
80.8773
83.938
86.0078
88.9672
90.9124
96.3707
96.8751
99.5038
102.6933
106.8111
113.529
113.5491
118.9037
121.4989
124.8193
129.7662
131.8597
135.8239
139.3541
143.6521
147.9881
150.9192
153.5903
158.8228
162.3211
167.2593
171.5986
170.9882
176.5083
180.7799
165.7149
169.443
172.4351
176.1942
180.7067
166.1963
169.7267
172.0516
177.8631
180.4095
169.0458
168.7138
173.4424
176.3422
178.9033
165.3822
171.4574
175.3994
176.8572
181.1887
166.3236
171.1561
172.2549
177.3518
182.0375
164.9767
173.9621
171.6034
177.8751
180.519
166.5852
171.7688
171.2118
177.6098
179.9528
165.7619
168.413
172.1671
177.9006
179.1493
167.5641
168.8698
170.6555
178.1835
182.38
166.201
169.9074
172.2083
175.9893
179.0473
165.8385
170.037
174.5644
176.1985
180.5673
168.531
168.3057
173.0697
175.3215
182.7434
167.1842
170.1547
172.804
176.1374
178.5469
169.6731
169.6568
175.6501
176.9082
179.4324
169.1539
168.2124
176.2421
176.3771
179.6413
165.3663
169.8875
171.2181
177.9758
181.3129
167.9288
171.2912
172.6076
176.1925
178.8192
167.8877
171.9124
173.2052
180.0542
180.1487
169.7702
169.3296
173.5678
176.817
178.7749
168.8805
170.2797
170.8095
177.5446
182.0004
164.5338
169.8593
174.4662
177.1289
177.7267
167.9923
168.5628
171.611
176.6731
177.325
167.2299
167.1504
172.4493
177.298
179.4899
167.9353
170.3607
171.0019
179.4723
182.4978
164.5511
171.3022
172.7018
177.3601
179.9866
166.3391
168.3528
173.0837
178.6442
181.089
168.8132
170.1835
174.4593
175.0307
182.7839
167.045
169.2445
170.8921
179.0405
182.3032
168.9125
170.5066
175.5387
176.2889
180.8227
168.6136
169.8338
173.9855
176.0115
183.0057
167.1558
168.5637
171.3104
177.5871
179.4271
167.5475
166.9137
174.1518
175.4761
178.7946
167.9283
167.4186
174.6341
180.0774
179.9427
169.7225
169.32
171.3374
177.7432
183.288
167.6785
170.9785
175.9767
176.7037
181.2382
168.3066
172.2236
173.8264
179.0776
180.9673
166.38
170.8723
173.5318
177.0433
179.7363
167.2923
170.6664
172.9794
177.7492
179.2411
166.6828
171.4514
173.1625
173.8648
182.1918
164.4964
162.96
164.2347
162.8928
161.7695
149.7281
153.4896
156.8865
157.7685
160.6793
153.0953
154.3226
155.7984
175.8773
169.4546
157.5794
158.8108
160.8373
167.4964
170.4692
154.2387
158.8893
160.8611
165.7357
166.7351
156.9727
162.1602
163.2558
167.5111
171.8567
161.5999
169.3523
172.2094
165.9844
175.4168
169.5732
176.1957
167.9691
178.0257
181.2141
160.7542
167.2892
169.8013
168.4069
174.6654
161.2936
177.665
186.9726
199.942
189.2643
177.5752
181.1727
213.2624
196.3794
184.0635
178.7041
173.4558
198.442
183.5383
177.5687
165.5011
168.6449
163.9619
164.6616
163.0669
151.0415
155.5068
162.0799
164.0267
183.2317
156.8972
160.3939
164.1977
167.3631
164.4575
148.5051
150.5928
156.4092
156.7493
161.5008
146.0349
150.9053
154.6354
157.8804
160.3709
149.1415
149.293
155.1145
158.5999
161.0445
147.6396
150.8949
154.5111
158.009
160.2658
151.1877
150.9909
158.4245
159.6872
163.9586
151.0457
151.066
154.1014
161.6272
164.321
149.6435
153.1758
155.9729
159.3928
163.1221
167.2052
170.5653
175.1922
177.2683
183.0073
167.3598
170.771
174.0148
174.3958
174.4858
161.2744
166.4663
166.1481
172.3941
173.757
156.9411
158.9098
156.7842
157.7766
158.5134
143.3378
146.8409
151.0441
153.6039
155.3114
145.9546
146.2969
150.5105
152.806
155.8928
146.2893
145.5642
149.5611
151.3695
158.3108
140.9572
138.3053
140.7243
142.4949
138.5407
125.0083
126.8883
133.4293
134.4638
140.1846
124.7456
123.396
123.7159
121.5389
120.7346
107.7946
104.3148
105.0946
106.8795
104.4351
89.754
89.0271
88.6317
91.2367
88.5684
72.7457
77.5495
79.1052
83.6824
87.4044
91.1801
94.2966
95.3516
101.4206
104.2622
90.572
88.4596
87.6945
88.2204
89.6122
74.9043
77.9302
79.4661
82.768
86.7081
74.1351
77.6174
79.7647
84.3578
88.3757
91.0261
93.4862
96.0032
100.6662
103.3574
92.8024
93.8639
97.0976
99.4807
104.1297
108.2967
104.7518
105.7427
107.6947
104.7018
108.8752
109.9589
116.4061
117.7128
121.7584
124.6318
122.8766
122.3829
122.1555
122.8834
108.0927
107.2393
105.7772
105.1278
106.2248
91.3013
88.5444
89.7964
90.2581
88.674
90.6959
90.6423
94.7049
97.628
99.6567
88.4071
90.5571
92.7809
98.0022
101.2347
89.6359
88.7527
94.1346
97.2767
103.1282
89.044
90.0202
94.6143
98.7153
102.082
87.8848
90.4566
93.1421
97.8706
101.4101
88712.6001021862
