times
12.6551
22.9635
34.0246
44.9921
56.6787
68.4098
79.2176
88.5797
99.0924
109.8378
122.5493
131.4029
143.8721
153.8884
165.1446
178.0614
186.1514
197.3387
209.2472
219.9937
231.9208
241.6986
252.8583
270.7357
273.4766
286.3667
299.2216
305.1611
312.9746
322.15
338.6192
347.3955
357.2165
366.6046
386.4035
397.9628
400.1739
415.0338
425.8082
437.7891
448.966
458.9226
471.0316
474.6707
489.027
507.9801
513.0174
522.2515
533.454
543.7304
499.1422
511.5658
520.7761
535.1792
546.5311
495.0428
507.1704
527.1246
534.6555
541.5321
507.0189
517.5965
517.956
532.0337
548.1025
502.7695
514.0655
522.5044
539.0615
540.2566
502.4874
512.0991
524.8445
532.203
548.4954
509.6794
513.7095
520.5334
532.8249
549.5368
496.522
514.2896
524.0455
524.5658
549.6933
507.0336
509.8264
526.4373
530.8225
548.2338
501.5349
518.7581
522.981
534.0609
546.7984
500.3912
514.7562
523.6639
532.354
540.8771
516.4915
512.2634
533.6778
535.4222
545.7985
506.535
510.287
519.775
531.2739
536.4305
506.8286
512.5375
527.2746
543.0576
558.4193
510.1584
518.4023
523.3621
538.6332
545.0565
507.6273
516.0082
524.3595
541.6114
548.2591
507.0241
521.1536
526.8251
535.1271
561.7845
514.6756
522.0991
525.8211
540.062
556.5591
514.0511
520.3723
539.7814
546.9355
554.2523
512.6502
519.7561
531.0858
543.4251
545.9788
514.3185
524.962
525.6274
535.1405
553.9606
512.9796
526.34
529.5476
537.6601
546.1624
506.0766
517.0181
530.6654
536.0111
546.492
507.0947
513.4216
528.8042
537.7398
542.1765
505.294
517.8306
527.7324
544.2829
548.0279
513.2319
512.6753
525.7016
537.7355
553.5881
502.1353
519.9194
526.2572
535.7075
555.8253
514.9685
510.6368
532.4063
541.1789
547.3086
499.7472
507.6259
519.8039
535.7241
547.9612
510.7006
521.1429
527.0133
537.8095
548.5935
512.9465
514.8185
527.7212
539.6126
548.3149
517.2496
525.2858
527.445
541.8414
542.8657
510.5653
520.2961
530.6096
550.8273
553.8012
512.4224
516.204
533.2038
541.879
556.7964
512.5949
518.6531
522.1564
535.7338
548.3267
508.0075
512.0066
528.3624
533.2803
546.0695
507.4852
514.3382
519.5979
532.4138
549.9122
510.312
516.7005
526.8766
536.6627
548.2009
504.2612
506.9901
518.165
534.0786
542.337
497.7532
504.4342
499.5387
507.4355
496.902
445.1355
460.6752
469.5043
479.3508
483.5644
455.6942
460.2878
477.9898
489.34
496.2446
457.2914
463.6031
473.6213
480.788
489.2764
457.2485
464.8581
470.2053
478.8331
495.5946
450.9531
460.4809
465.4112
477.3906
496.0665
450.975
454.1424
470.477
480.0265
491.2574
450.1203
462.6245
476.5466
483.6361
498.5868
447.8845
463.4031
476.5629
483.963
494.2407
442.4598
466.0742
478.8208
490.2217
500.2233
519.3687
523.2519
535.1179
530.2252
551.5534
504.5703
504.4871
501.7904
508.5222
508.8797
451.3016
464.004
467.695
483.0403
497.1554
449.707
464.6781
467.0944
478.5923
491.4928
450.0653
457.059
467.3757
487.5909
488.7007
449.1619
463.2961
468.4687
481.3547
488.4426
449.8568
445.19
446.2519
442.0256
449.5486
398.1254
410.839
418.6901
431.7666
436.4317
390.0941
399.6024
419.0078
430.9421
439.7533
406.0691
404.0994
424.627
422.5643
444.1998
407.4637
410.5195
413.943
429.8148
440.4054
458.1168
468.138
476.5748
480.26
506.3145
459.1896
467.5385
473.609
484.6129
497.2512
453.5243
462.4981
470.6164
478.917
492.9459
452.3068
464.0624
472.006
486.1304
491.9316
453.9479
462.8508
470.5581
470.8629
488.4868
488.6792
482.8502
481.7015
485.4739
491.5701
432.5508
432.5853
428.669
432.0814
429.2885
387.4953
399.0648
404.6929
416.553
422.1393
388.5673
394.8495
406.0669
413.8194
432.9456
380.7686
389.5654
405.2331
417.947
414.9252
371.4476
382.8986
395.708
405.8144
417.0522
379.384
379.4866
395.5699
407.9104
416.0755
372.9655
386.1099
399.9194
405.8046
426.0121
372.69
381.6527
397.6511
408.1145
414.4494
381.0588
393.4559
414.2796
415.4004
427.7289
438.0723
448.9633
461.2988
466.4036
491.3956
495.8596
503.4292
520.7686
531.2942
542.9369
500.4138
511.4791
518.5452
529.8451
546.1461
495.0676
505.0212
513.0928
533.7037
544.301
502.356
507.5225
500.4306
504.512
500.497
455.22
469.9676
477.3544
487.0326
494.7636
459.767
462.4221
473.9251
487.6411
490.5947
452.374
463.1064
467.1304
485.2585
494.4825
450.4924
464.2061
471.6774
486.3071
498.137
450.4756
463.4298
471.6404
482.6597
489.2294
451.8404
464.6053
480.122
481.0413
491.7289
441.2964
436.4023
429.9182
433.8472
436.8656
390.9864
392.982
409.7956
424.7271
428.4196
385.0825
386.8524
402.1427
409.066
418.8661
442.2036
444.8013
454.7167
465.6864
484.2444
435.6099
446.1168
460.4815
464.6822
479.0843
274681.7655341625
