times
12.5092
22.166
33.7336
44.1996
54.9843
68.3395
77.177
90.1901
99.767
108.9314
122.0657
131.8619
142.5428
156.0428
165.4537
179.936
186.269
198.1981
211.5502
221.8622
238.1519
249.9881
253.1307
267.3945
276.4533
292.7103
299.2097
308.7846
324.294
334.6986
348.1293
349.1892
366.4707
377.0241
391.9593
399.4265
405.1138
424.3177
434.1814
450.089
461.8733
466.9582
478.1795
501.2756
498.9372
511.0297
527.1244
537.5491
550.9247
566.6802
571.1659
590.4412
593.0573
600.2243
608.8882
633.4154
629.1148
652.2986
658.2659
664.5742
689.6118
698.033
718.481
721.7863
736.8399
742.4367
746.5508
770.6307
774.4982
773.7471
795.3456
811.546
820.1124
825.8042
837.5755
869.3291
858.9194
878.1433
872.3688
901.0865
908.2113
916.2905
934.2955
936.9608
939.0702
960.3173
971.8452
974.8235
986.6276
992.501
1027.3876
1025.6646
1053.8449
1041.968
1073.6799
1086.2611
1084.943
1102.9774
1117.5865
1130.219
66183.23894953728
