times
3.7689
6.3205
9.4338
12.6485
15.2721
19.0511
21.4137
25.3145
28.2557
30.7857
33.7921
36.3236
39.5056
42.069
46.9637
47.6658
52.2415
53.8499
56.396
59.9847
62.8513
66.0636
67.6454
72.0151
75.3688
75.0257
73.7689
73.8311
73.1925
75.131
73.9165
73.4429
74.144
73.3392
74.0264
73.6146
73.0558
75.1681
73.5703
72.9297
75.501
75.1731
72.9422
74.7375
74.5272
74.6894
74.5853
73.3201
74.2223
74.4653
74.2941
73.2946
74.8021
73.6061
72.8394
74.93
74.084
73.6693
75.224
73.3489
73.1579
73.641
72.7555
73.6713
53.427
57.1751
59.4771
61.9965
65.5581
69.1095
71.4946
74.6358
77.5423
80.1956
63.1651
66.0008
67.8386
72.5122
74.5861
77.913
80.7099
83.9683
55.7953
55.4996
55.842
56.7475
56.138
55.4441
58.3506
56.5351
55.9616
55.4767
55.9331
56.6851
57.1654
55.7989
56.1472
56.5
57.5262
57.3376
56.1202
57.4299
56.8343
55.6597
56.2586
56.8175
57.2791
56.5987
55.8826
57.2452
56.131
56.6618
56.4122
56.6436
55.9514
56.2269
26.9918
26.4893
26.704
26.3615
27.1556
26.8285
3.746
6.2196
9.1864
12.1878
15.776
18.4706
21.2515
24.7738
28.3312
30.5144
33.1569
35.7056
40.2005
41.4574
41.7444
41.983
45.1188
48.0206
51.0568
51.0916
53.7922
57.4219
59.2736
63.4667
65.0125
70.5863
71.5673
75.017
78.2541
81.203
82.9665
82.0014
81.6911
83.2426
82.6231
85.3426
83.1519
81.8055
83.4395
82.7151
83.0015
82.2873
85.4825
87.1273
90.1817
91.4816
96.3088
97.6228
101.8003
105.5471
117.4045
108.1351
109.4836
108.0671
108.2618
105.566
107.229
96.6442
98.4732
97.8365
95.6347
86.5234
83.9945
83.4342
83.5749
83.125
83.1199
73.2436
72.2612
74.5523
70.8931
69.6907
70.3948
61.1863
58.3833
42.3697
44.6339
40.3561
40.6382
41.2597
42.084
40.9589
28.4068
29.4921
33.1236
35.565
39.0277
40.9505
44.5096
48.0526
50.7782
49.4365
49.6962
50.4092
50.0005
49.8859
49.2278
27.6082
27.0252
26.9007
26.7488
26.3955
26.2668
26.6099
26.3858
27.3818
27.3219
26.922
26.7884
26.3854
27.8984
26.2897
26.6909
26.7766
26.7784
26.8209
26.617
27.5177
28.0333
26.8924
26.3039
26.6129
26.8814
28.2814
26.8033
26.6462
27.1394
26.5909
26.924
26.177
27.8157
26.7607
26.4732
3.4387
6.2922
9.1466
12.5836
14.9051
18.0757
21.1535
21.2602
20.7845
21.5696
20.6509
21.1061
20.8754
20.3426
21.401
22.4679
20.5571
20.4905
21.2372
20.8084
20.6058
21.9363
23.941
27.0349
29.4963
34.4818
36.8297
38.3385
42.682
45.5469
49.0401
52.3736
58.441
58.7724
61.2545
63.6142
68.25
67.5893
73.1231
75.6077
79.7816
82.1823
85.627
85.8788
93.1783
93.2561
93.8321
94.8806
99.1104
99.9604
105.3521
109.4006
110.8484
94.0182
97.7206
100.8724
103.6442
106.9021
112.0245
113.0558
117.8953
119.6313
119.7462
128.3142
125.8733
130.0634
134.3877
138.1789
137.6329
150.8746
148.0051
147.2477
150.7635
157.003
161.291
163.8044
151.3253
151.3685
150.8311
151.6769
129.6139
130.1139
114.5182
111.3736
112.8289
96.1411
91.8412
95.2448
91.9737
90.3706
93.1724
91.4628
94.1218
89.8528
90.596
71.4923
74.0858
58.8672
57.6437
57.184
57.849
59.881
57.5336
59.4154
43.8627
43.0605
25.54
24.1883
24.7967
2.7077
3.6396
6.3185
9.2094
12.335
16.1909
18.1874
21.0148
24.3223
28.4751
30.4735
33.3724
36.7139
40.0761
42.7016
44.5182
48.6357
50.8533
55.3512
56.5532
58.9215
62.0883
65.6689
68.2814
67.7639
66.9271
70.5673
71.0746
77.0081
79.0587
81.672
83.0071
85.8342
89.1479
92.0143
96.6233
100.221
100.0616
104.1398
106.2511
110.5848
114.0277
108.6209
107.699
109.2635
114.3307
105.1668
108.1514
113.4887
102.3476
104.8504
107.0531
106.0564
96.6004
98.5386
101.7683
90.4896
92.8121
95.2685
98.0434
100.2999
105.401
107.8206
110.8031
114.7704
119.8768
119.3011
122.5696
124.9846
127.3266
132.0568
133.8325
140.7945
140.681
136.2986
139.2339
141.5896
143.8975
146.213
151.3163
150.3553
157.4998
158.0496
160.618
164.7522
155.0252
155.6248
155.9345
140.2074
141.8178
146.5324
145.0259
151.2092
144.8495
145.9559
146.9748
149.352
154.8782
154.2932
154.5379
153.5924
158.4692
157.3683
164.5823
167.4908
172.3331
178.8519
177.6476
170.9549
167.4379
166.3652
164.2368
162.7272
162.1505
164.5169
169.5282
148.7831
146.7347
127.0203
130.2115
133.5645
134.0487
137.9521
140.5176
142.247
148.4589
150.2324
154.6129
154.859
121.2328
118.1691
119.0284
113.6334
101.3026
101.6369
104.7686
107.191
109.4856
111.1201
113.015
117.1777
119.069
106.4215
104.2306
105.3421
48790.37472176552
