times
4.1946
6.9235
9.9325
13.7443
16.9427
19.821
23.6757
25.9466
24.7039
24.6331
25.0391
25.084
24.7628
26.5575
25.2176
24.2033
24.2641
24.5345
24.7948
24.2222
24.1784
24.9004
24.5414
25.8141
25.5806
25.1189
24.5274
24.8957
26.0317
25.826
25.1109
25.2595
25.1568
25.1208
24.2053
25.1866
25.067
24.676
24.6242
25.069
26.0563
26.0952
25.9935
26.2897
25.5806
27.2256
25.7864
25.476
26.5212
25.7093
24.7644
25.1524
24.8182
24.6392
25.7049
27.2342
25.5469
25.3452
25.9097
24.6401
24.4467
24.8099
25.2366
25.1478
3.729
6.5924
9.4419
13.2187
12.8028
12.8857
15.4048
15.8476
15.359
19.1518
23.2989
25.2806
26.3117
25.434
25.9137
28.2716
33.1643
34.7305
37.1597
37.966
37.9555
41.5501
42.5848
44.7001
47.0149
48.4674
51.0439
52.6824
54.715
57.1026
58.7041
58.6313
61.0875
61.5929
61.0128
62.5937
64.2535
68.1279
68.4048
76.6157
76.4369
79.1665
77.4489
79.0534
83.5736
84.0653
86.9479
92.1762
91.0901
93.7664
91.7997
100.4565
83.4455
87.9336
89.6069
91.5386
94.5553
95.4527
83.2743
87.2884
86.5148
86.7835
77.4636
78.4875
82.7499
85.8091
80.513
83.0765
83.4894
88.6008
85.6228
85.3426
88.4012
86.9931
89.0593
91.2946
85.086
92.7956
89.6821
90.7216
94.5513
97.0148
101.1274
91.5422
92.1849
99.5241
98.2465
100.5049
93.0313
94.3501
93.2055
95.9841
94.7576
84.0483
85.2333
88.3381
84.919
84.1074
84.7988
84.4383
83.9468
85.9012
88.9039
89.3542
89.2584
90.2119
93.796
99.1252
86.1327
86.2402
82.5513
87.1869
90.0825
92.3584
97.0171
89.8022
89.3767
88.716
96.3955
90.7245
90.6656
93.4023
95.479
92.2018
94.66
90.8694
93.4848
95.5308
95.8787
99.1185
99.8802
95.8701
101.0673
87.7774
89.8505
90.974
96.1172
99.7474
94.6152
97.4376
94.6501
99.7487
98.9604
107.5582
107.9846
109.0002
104.37
105.4456
100.4016
104.4057
102.0193
102.9821
97.5891
103.7829
105.0713
94.3341
95.6335
101.2005
100.833
99.0871
106.6356
106.0327
111.9437
101.8299
98.0818
101.854
98.2992
98.0531
95.2977
94.3898
96.3893
95.2314
96.6771
96.4359
103.4112
93.6766
83.0755
87.0693
86.8971
92.8969
93.2377
94.6751
94.418
97.2592
100.0587
103.1275
104.3941
106.4511
97.3731
100.3108
102.9787
87.7277
89.6933
90.7455
90.8312
100.8973
103.2991
93.8822
95.0658
101.0541
94.9064
95.9375
94.1323
94.7299
94.144
96.7703
75.8863
79.4525
77.6349
81.0542
85.5662
85.8306
90.0933
89.8339
91.9705
99.521
85.5634
86.0709
88.3249
90.7289
93.1698
94.4792
96.6428
98.3483
103.8737
106.1663
103.9801
107.292
94.7059
95.5589
98.752
100.5588
103.9152
107.9893
111.0055
93.8013
93.8443
93.0882
91.5136
92.9451
95.9186
94.8886
93.9682
96.0076
87.2839
82.5626
85.732
90.1311
88.7029
82.8588
82.3374
86.43
82.5374
84.5494
87.547
87.0722
85.2742
87.0491
89.6444
86.0322
71.7444
70.0879
73.8007
74.0259
75.0543
78.4792
81.596
71.9616
77.4251
77.6425
79.2187
67.2277
69.9572
62.1049
65.3983
66.1593
48.8075
49.6585
49.7528
52.6981
55.9724
57.7336
59.8251
61.8367
65.5817
68.4402
63.6139
66.2771
65.1134
66.7239
69.3971
68.1618
69.6813
72.182
71.1957
69.2022
68.2496
69.8253
72.0704
74.2784
72.2259
72.1901
75.4246
76.1262
78.8945
70.2412
73.0551
78.7726
79.8786
79.9038
79.681
79.6722
81.7158
73.9774
73.8564
74.2505
74.4071
75.3475
67.4304
67.6253
67.709
68.6774
67.9573
52.9105
53.3474
51.8225
49.0928
48.4346
38.4043
40.8488
40.9555
44.5808
47.0342
48.2583
47.0512
41.6389
40.6644
43.2374
41.7416
40.2435
41.0921
40.8638
33.3908
37.2045
40.4471
40.9236
37.5227
37.773
41.2258
39.3907
43.392
44.7603
44.6916
43.7327
45.9771
45.3446
47.5838
52.0243
53.0015
53.3564
55.0698
58.1179
60.7847
62.9088
65.3166
65.1937
64.9607
65.957
71.094
71.3894
75.1023
77.2794
77.808
79.6628
81.4952
82.9621
83.7591
90.3479
91.6433
94.1503
93.1057
97.6761
100.8059
103.7299
102.889
98.376
98.2992
99.5512
104.813
102.0704
102.4076
102.4932
104.3959
91.2234
88.8275
95.0919
93.5011
92.5775
92.8262
87.8693
87.5191
90.9729
91.9093
95.1818
93.7803
98.467
97.1074
100.6499
99.9448
98.2636
105.0633
107.3859
102.2836
108.123
106.8954
109.4544
97.6643
101.5485
87.4135
85.6971
87.7435
91.6809
91.5606
91.5433
95.1628
101.1057
102.9321
105.6627
100.6565
77.2986
77.033
79.1596
72.918
75.0282
76.7918
76.6055
78.2036
82.9762
82.3698
84.1949
84.0938
85.1596
78.3946
76.9882
76.5524
53397.002621889114
