times
4.218
6.6033
9.8816
14.225
17.2409
19.473
22.825
26.4983
25.5408
25.1816
25.5345
25.122
25.5431
25.6749
26.8402
25.1285
25.1119
25.2934
24.9393
25.6484
25.5418
25.2355
25.144
25.1009
26.7864
25.1657
25.0674
25.4553
25.0241
26.2528
25.6185
25.7731
24.685
24.9264
25.0111
24.5155
25.2952
24.7758
24.8695
24.4008
25.2745
25.1909
25.1239
25.4011
25.3084
25.802
24.5537
24.3858
24.3569
25.5918
24.9613
24.6322
25.2725
25.2904
24.6211
25.824
25.5866
28.2913
31.2138
26.7752
27.33
27.0019
26.7929
27.0376
3.2871
7.9279
10.8478
13.2014
13.8397
13.9162
17.6204
16.5567
16.4839
20.5572
24.5376
26.5727
26.1688
25.9161
27.115
30.6515
33.707
35.7384
37.6713
38.3162
38.1351
41.3365
41.1144
46.0402
45.907
58.0655
60.4739
57.2659
56.2654
60.5412
61.7986
62.3805
62.7104
61.4273
63.726
63.8504
66.3843
78.3896
67.305
65.108
68.3289
73.2324
70.5704
71.5923
74.513
79.6336
89.8935
84.1747
89.966
89.148
88.5664
96.0518
76.5857
76.6956
81.4559
83.2759
84.9893
86.7283
81.2016
80.9377
81.8938
83.1956
71.2236
71.8609
75.4516
78.7854
73.2732
72.788
78.3116
80.4176
79.9449
80.7516
79.5425
80.9798
80.528
85.3947
83.9745
84.2511
85.7797
87.0326
88.7604
90.4143
90.2814
85.4057
87.2997
85.4229
87.3009
90.4062
84.3551
83.0031
82.0277
84.5859
84.6231
80.6067
81.2194
81.9519
82.6132
83.1587
80.9337
83.2604
82.6918
82.4311
82.4935
83.0869
85.9097
88.4756
89.2393
94.5283
86.7881
78.6017
80.8299
82.6351
87.1285
87.1651
87.439
87.471
88.5538
88.1437
90.6542
86.0149
85.211
89.3275
89.598
92.402
90.8634
89.5857
86.1406
90.5509
94.3289
95.5475
97.4626
95.179
93.3427
87.3947
84.459
88.016
90.2642
93.45
93.2228
95.456
90.6137
89.7088
90.29
98.7583
96.3832
98.5984
98.396
98.8088
93.594
90.36
97.3209
91.1416
90.2506
94.7466
99.7851
94.4576
93.803
96.8517
101.2226
99.6305
98.5803
101.8627
100.0336
96.6698
91.8323
91.586
91.9755
90.0447
82.8656
82.1359
85.1471
83.2072
84.4727
85.7024
89.8083
80.6947
70.2841
71.7941
74.4546
78.8097
81.7374
84.1698
84.978
83.7837
88.6788
93.5348
95.1355
94.822
93.6617
90.4388
93.2151
93.7127
90.9291
90.5873
91.8697
93.6923
94.0723
88.8689
90.0855
92.3889
81.3869
78.8414
79.677
77.3923
78.2169
79.333
81.0725
71.2178
71.9083
77.6642
83.5962
85.4039
90.2802
85.9592
89.9583
92.7619
84.3398
87.3686
87.7603
86.3418
89.2998
90.0709
93.5885
95.3189
94.2237
96.1662
97.0933
104.1664
92.8289
92.1443
95.2431
95.8542
95.7381
97.3297
101.8471
88.967
86.8307
83.2797
86.7029
87.1438
86.7474
88.8654
88.1036
86.0822
78.7828
79.4585
82.051
80.7835
82.0232
77.8542
77.945
78.6908
77.2325
76.8783
84.4723
84.4697
80.7354
81.5127
81.0837
82.6044
65.9905
65.4905
64.0816
65.9135
68.2627
70.9256
70.9187
64.2246
69.5019
69.7223
72.3726
64.1818
65.2579
56.7429
59.6106
61.4699
46.7635
49.5674
49.3735
50.8578
49.4425
53.8757
57.3702
59.4402
68.4836
65.7669
61.2826
62.7525
62.5114
64.891
66.7337
66.9497
69.3711
70.4323
70.0813
69.0835
67.7071
71.2834
71.8993
76.0034
82.2494
74.6392
77.9907
78.524
82.0201
72.7818
75.0543
78.0486
81.7787
79.8172
80.5456
80.4267
82.5768
77.3343
80.87
84.7529
79.5455
77.5403
67.747
65.3605
66.3783
66.1669
65.6845
53.6982
53.6709
53.0605
47.933
48.1901
37.3254
39.6698
41.5147
43.6745
46.8997
46.6971
47.426
42.8334
40.4827
40.3772
41.5848
40.3621
41.2786
40.6854
33.2507
35.7628
38.1008
40.5742
36.3497
37.4648
41.8421
37.8354
40.8169
40.1766
40.5277
41.8105
39.2321
42.337
45.3344
47.4619
47.9758
49.4099
53.6958
55.7275
55.9273
58.479
61.0807
62.5062
60.5879
61.4421
66.9475
68.2922
71.5761
76.8819
77.0173
84.2947
82.6542
79.1728
79.4178
83.1682
83.5996
86.38
88.5235
89.4745
89.8471
93.2599
95.6588
85.8887
86.6055
84.9172
89.1707
84.1886
85.1208
85.4301
85.9664
77.45
77.634
80.9659
80.19
79.4478
79.6716
74.0006
73.0363
75.0356
75.3087
77.5926
78.1266
79.767
83.2966
82.089
84.1593
83.6668
87.4144
89.226
91.6548
92.1066
94.3192
95.4746
83.626
85.4029
75.0478
72.637
74.9608
75.9109
77.0064
78.3535
80.5611
83.7868
87.1424
88.1285
93.4143
72.498
70.0758
71.3295
68.5589
70.7474
70.7608
70.9692
76.3047
75.2518
76.2861
77.2485
79.5246
80.1708
74.452
73.7238
72.861
50372.137115716934
