times
3.865
6.5784
9.5574
12.5933
15.7938
19.1079
22.9347
26.3785
25.062
25.05
24.7747
25.047
26.6288
25.3642
30.1135
24.6182
24.4417
25.0481
24.4598
24.766
24.9732
24.3389
24.691
24.8316
25.8808
24.5114
24.3349
24.9104
24.4596
25.429
24.6611
24.4746
25.1457
24.8655
24.9503
25.1318
24.6352
24.5025
24.4038
24.6072
26.183
24.5714
25.2455
25.2276
24.8536
25.8331
24.5873
25.0291
24.7339
25.5778
25.1816
24.4297
24.4949
24.6072
24.663
25.893
25.2156
24.8515
25.9233
24.8027
24.8715
25.2415
25.2376
25.0161
3.9907
6.3872
9.504
12.9633
12.6292
13.081
15.4661
15.9833
15.5175
19.3553
23.3926
24.9034
24.7828
24.4796
24.698
28.3801
31.4988
33.6015
35.3874
37.1138
38.2378
39.9048
41.0393
42.1753
43.4622
47.1978
50.2257
51.405
53.7666
57.5215
59.3663
58.4687
59.0414
57.6733
59.2982
60.4256
62.0597
63.8123
65.18
64.8866
68.7454
75.6348
74.5213
72.7789
74.4809
77.8757
84.0253
84.7303
87.2348
88.5998
88.2788
92.835
76.3973
77.7891
80.4107
85.0143
85.6453
86.7533
78.9567
80.2379
81.7382
81.8505
70.8967
71.5713
75.5869
78.911
72.3129
73.7967
75.0647
79.2392
79.1037
78.2801
78.8681
78.8855
80.9776
84.9153
86.2025
83.8799
84.8779
87.6935
89.3124
91.7935
91.9662
84.9569
85.7027
86.2081
87.1181
90.3756
84.9561
83.2987
84.1364
82.8312
86.2787
82.5763
80.2422
81.8678
82.6901
82.3907
82.7668
83.3033
80.2933
82.742
82.3586
83.4953
87.1221
87.4985
91.4736
92.1163
83.0625
80.5557
87.4441
83.4999
85.8471
86.8029
88.3031
88.5058
86.4871
87.5863
89.6778
85.9208
85.3424
89.4415
89.7693
89.4269
92.6214
89.4561
86.2881
89.9649
93.04
94.1355
96.5646
93.2522
91.5459
86.5389
84.7847
87.5279
91.8283
90.4662
92.0047
91.9203
90.6244
87.6916
91.0325
92.1886
94.8998
95.2712
94.433
94.6839
93.2408
89.5757
93.6836
91.2415
88.911
91.4981
93.0079
84.9161
84.5986
87.2588
87.8474
87.8821
89.4693
91.306
91.5303
87.5685
83.2722
83.131
82.3887
82.7808
75.6763
76.1062
77.9758
76.8427
77.0695
77.8733
81.4036
77.1531
63.2803
65.5031
68.8016
71.4005
75.5354
76.5506
76.7647
78.3779
79.9597
83.0031
85.6394
85.484
86.4058
81.9489
84.8803
80.297
79.4535
82.0667
82.2965
84.2364
85.5963
80.9536
81.5669
82.8249
81.5514
79.7125
79.7471
78.172
78.6787
80.3106
71.7808
71.6396
72.7427
75.3182
76.4884
77.9895
83.7255
78.2106
80.6696
83.9767
77.3185
81.5869
79.4885
81.0871
85.1656
84.8733
87.1684
90.5734
90.0985
91.3171
93.8399
94.6641
83.2326
83.3076
85.5525
89.3352
90.4566
91.9739
96.6422
86.0505
83.1479
81.9005
82.2011
82.5316
82.3522
83.5476
83.6664
82.2092
75.6189
73.77
78.6154
77.5855
76.678
74.7973
74.509
75.2649
74.0102
73.6412
77.165
73.6511
73.7718
74.7035
74.8284
75.1441
62.6208
62.7493
61.6283
65.9896
66.6406
67.7488
68.2234
64.8422
64.4586
67.8148
70.1156
61.9625
62.5453
53.8436
56.2239
58.8669
41.509
43.0629
43.5386
43.8358
46.8619
50.7114
54.9686
57.4741
58.7001
61.7548
57.5333
59.5001
60.3858
61.3346
61.4358
65.0523
65.8386
67.8024
66.213
65.3645
64.2612
67.7903
68.2052
71.819
71.8521
72.8468
73.4429
77.1546
80.4152
77.5265
77.8131
75.9465
79.9887
80.5453
79.9423
79.2865
80.4722
76.2918
78.5163
77.5866
75.7455
75.8926
67.6499
65.6269
65.7061
67.5333
66.0328
54.6554
53.7862
53.2718
47.4492
47.9378
42.5543
40.1641
44.5265
46.855
50.0791
51.6658
52.0165
45.0096
43.2547
45.0284
42.4911
43.5613
42.0573
44.3534
34.5876
37.2702
40.0197
43.8949
37.9225
39.8226
45.3094
41.104
43.7006
44.1467
44.7153
44.72
43.8203
46.1834
48.2891
51.138
53.1051
53.5181
55.8098
56.4941
60.1199
61.9751
66.4296
65.1982
65.5692
66.8338
73.6232
70.8381
77.1686
76.7323
78.2279
84.4445
81.6736
80.7753
80.9059
79.8142
86.9268
85.2468
89.712
89.2696
88.0372
93.1673
96.8811
88.7099
85.1035
85.2107
94.2816
87.4652
87.7757
88.0163
87.6731
77.5264
76.5702
78.9171
81.2877
79.8145
79.3609
72.9639
73.605
76.7589
78.8224
76.1313
80.0181
81.4502
83.3695
82.6372
84.5578
83.768
91.194
93.8173
91.7534
95.232
98.4138
96.8703
83.3142
85.6041
76.8905
75.0795
72.8077
75.611
77.6101
82.1573
79.4167
84.3336
84.2658
87.6627
89.5477
74.7538
71.5737
69.8926
72.5002
78.3844
75.0374
75.9583
79.7964
78.146
81.255
80.8449
81.5387
79.3195
76.6403
76.8434
73.8254
48669.92408299446
