times
3.8114
6.8622
11.3287
13.0464
16.3513
21.3284
24.2203
27.0836
25.7973
25.9073
26.769
29.3524
25.6236
25.8124
27.1011
26.5902
28.9645
26.7484
25.9047
25.6611
25.5954
26.1029
26.5252
25.7508
26.8782
26.5629
26.2008
26.4569
26.2721
28.2024
27.0693
26.2798
25.6193
26.9721
26.8104
26.7118
26.8407
26.2868
26.2409
25.9711
27.8466
26.403
28.8619
26.0583
26.0304
27.8695
26.7006
25.8254
29.2279
27.4203
25.9676
26.4337
26.9097
27.8156
26.2842
27.2434
25.6469
29.2388
26.53
25.8229
25.7368
25.6056
26.6124
25.6026
3.935
6.9091
10.0657
14.3826
13.9437
13.3713
15.8097
16.9078
17.2868
19.4243
22.8535
26.0006
31.4641
25.4675
26.0174
28.8252
32.3836
39.089
37.2015
38.1901
38.0144
41.0195
40.3796
45.1685
48.1046
54.7491
53.0319
53.9986
55.9066
64.7224
63.6847
59.0655
60.5392
62.5887
61.3985
62.0686
64.0509
67.0185
68.7376
66.997
70.7734
74.8443
73.2124
78.9005
77.4194
83.1217
96.8786
88.0753
87.9798
94.9347
90.5122
94.9573
76.0658
80.4682
81.8911
84.8318
85.8698
87.3345
83.6758
84.5459
90.0862
91.6121
73.2451
73.2015
77.1276
78.1598
78.8761
78.2181
76.2801
82.3965
79.256
80.738
82.8023
80.829
84.0921
84.1123
86.4202
84.4136
85.429
89.5622
92.7212
91.6233
91.3463
85.856
91.4394
87.6958
89.8117
93.3137
85.6304
84.1262
82.3745
85.8446
88.2125
83.9972
82.5136
84.3175
83.6122
83.2997
83.0283
83.2369
80.6137
81.5741
82.6639
85.0419
83.7016
87.4033
88.8522
96.5747
80.4181
81.1898
83.6932
81.8684
84.286
95.84
97.3054
85.3546
85.911
86.5907
92.2445
86.1996
83.6255
93.2666
91.0835
93.4952
91.5171
87.5775
92.5734
89.3967
96.2013
97.1262
101.03
94.5818
96.5918
89.1491
86.3537
89.6251
93.2799
92.9912
94.9423
92.5908
90.3421
88.8076
91.0856
93.9738
95.0557
96.975
95.825
96.7354
92.5247
93.1989
93.8085
92.4322
88.2978
91.1618
92.3718
85.6488
83.6117
86.3477
87.3981
87.7304
90.2008
91.3642
91.3009
85.477
82.5572
83.0081
81.945
82.7229
75.2768
75.7294
78.624
79.0425
78.2459
78.8183
81.4901
76.882
63.5858
65.1679
69.1034
71.906
77.3212
76.8394
77.2088
79.268
80.2315
84.5801
84.8732
86.6404
83.6023
84.0473
85.9763
83.9813
80.5165
82.7151
85.3959
85.307
85.7121
81.4348
82.3741
84.9092
80.5119
77.5447
79.7811
81.1408
77.1157
78.6001
70.187
70.9907
71.4623
73.5528
78.1761
78.8696
81.8562
79.3555
81.9255
83.6232
80.9178
78.9101
77.495
81.0913
83.1431
84.5871
87.2679
90.3953
92.1836
92.1702
92.6462
95.9356
84.3989
84.5482
87.3494
89.7459
89.3866
94.1316
95.5353
86.0721
81.3811
80.4958
83.0637
82.2614
80.6445
80.8813
81.7864
84.547
78.1762
77.014
81.9874
83.3247
81.0963
78.0029
74.6265
75.5678
76.571
75.303
78.5939
75.8854
76.1324
76.4237
73.9283
74.3476
63.0628
61.03
62.3919
62.7415
66.4007
67.8184
66.0187
62.8374
63.6651
69.9791
68.9717
62.6356
62.2357
53.9761
56.2427
59.109
41.24
43.4372
45.1074
44.4943
45.8415
53.4148
54.221
55.6691
59.3765
63.3428
59.3035
61.0957
59.7466
64.7689
62.2697
65.9142
66.9683
69.571
68.0634
64.4218
64.5121
66.2551
70.0761
71.4489
69.1398
71.9415
76.2439
76.94
75.979
69.8435
73.706
77.2883
79.9342
76.7761
79.6932
76.8983
77.4468
76.1026
78.7774
73.2253
75.1995
75.0987
65.1927
63.0766
64.2485
67.1793
66.0853
55.312
51.0336
52.0343
47.1609
45.286
39.0597
40.1096
40.3774
42.788
46.4155
45.4525
45.7863
41.91
40.835
41.8521
42.2082
42.4026
40.8328
39.7229
31.5136
34.409
37.1696
40.6712
34.6039
38.2693
41.4064
39.1944
39.2454
42.7088
41.729
41.1921
41.2312
44.0375
44.1778
46.6756
50.0359
51.2179
53.646
54.2992
55.6176
60.661
61.1869
66.7256
62.5204
63.7981
68.5099
66.2714
71.5783
74.0324
74.3544
76.5516
82.3117
80.336
82.7965
81.1646
82.9119
88.6891
87.2388
87.2058
88.1409
91.345
93.6212
87.2864
88.4001
85.5582
93.9024
85.7124
86.6166
85.4504
85.2718
75.6298
80.1688
82.2376
78.8366
77.8647
82.4836
73.619
75.8301
74.0595
77.9279
76.6036
79.3799
83.0612
83.096
87.2819
85.2464
86.1169
86.4715
90.7621
94.802
96.064
95.3467
95.7729
81.5923
86.1284
73.4272
75.7173
72.5873
73.2109
77.3427
77.4648
81.9117
85.7428
88.5178
92.3761
88.5942
73.7472
70.6893
69.0733
71.4798
72.7705
71.9883
70.4768
72.7386
75.2718
75.9579
76.5624
77.2663
77.3124
76.7169
76.2354
74.8834
49041.76903176308
