times
3.5265
6.5894
8.9989
12.2957
15.6203
17.9602
21.005
23.4773
28.8012
30.8218
33.5789
36.2854
38.7404
41.9618
44.7408
46.5633
54.1731
49.4658
54.0258
56.5517
60.0808
80.6139
62.6599
62.6846
88.3059
68.6048
76.5973
69.9114
76.605
79.0501
78.5517
81.5643
88.2376
90.2233
91.3176
94.2475
98.7001
112.4084
109.451
108.874
108.69
112.6404
102.0371
105.276
103.8874
109.449
115.3998
113.9757
120.506
121.1215
137.0941
134.6514
133.1478
137.299
131.1728
134.8164
117.1652
120.02
118.0744
125.7369
137.6279
124.5477
129.4872
126.8444
123.7399
125.0515
127.88
127.3396
111.8262
113.4961
111.6234
111.1305
113.4677
93.1761
91.0919
92.2667
84.9124
86.998
86.1725
64.0977
62.7535
64.6205
42.4859
45.007
49.0331
49.6547
54.0734
74.6544
72.8561
62.7939
73.6402
60.8955
72.6681
60.4904
37.6045
35.4223
36.4359
36.009
35.8569
35.9264
36.0564
38.0032
36.3632
35.991
17.8226
21.2205
23.6378
27.6255
29.0806
42.4683
40.0132
39.9361
40.6366
42.4539
40.8255
42.2885
34.2676
34.4701
38.0533
41.1894
44.6621
48.8925
50.2327
52.2019
56.3957
60.0022
61.1777
64.917
68.9795
70.8948
73.4129
77.9817
66.5845
68.8492
79.2611
80.3848
71.5218
74.9273
75.9589
78.4112
82.8449
87.3236
98.1154
87.0158
92.3084
93.1153
95.7822
100.1025
88.9765
92.5707
92.6877
101.6543
103.4138
102.7135
108.5402
89.4472
89.4292
90.7908
93.8486
97.9578
100.9668
107.3469
108.0232
109.2342
99.2578
103.1005
96.0803
99.3774
100.515
98.3411
102.0392
104.0034
108.057
98.5711
97.7857
99.4393
88.1176
86.0067
91.5647
95.0181
97.3516
99.1298
104.9566
103.5082
105.6331
102.9574
103.3875
100.7713
101.5085
101.517
102.7707
100.1801
101.5807
98.7976
100.6444
91.9121
94.1869
91.2576
92.33
92.5218
63.2321
62.4944
62.0959
61.8129
61.4938
60.4736
62.0214
57.9026
57.2481
54.6009
55.6102
56.5006
56.0556
47.7585
40.7498
41.7801
39.2413
39.8278
39.0035
38.5721
31.5496
33.2491
34.6456
40.6297
42.1727
37.7002
38.6589
42.357
44.4991
54.2453
48.1852
49.9455
53.3328
73.3762
38.6639
42.0835
46.2154
48.3288
51.3071
53.1602
58.5088
59.5741
64.6495
83.5323
66.7122
70.6939
71.8477
75.6054
76.2698
82.2185
91.1454
83.8036
85.6713
89.9887
94.4098
97.8394
96.8993
99.5822
103.6724
105.4926
111.2913
111.657
117.0231
150.5822
119.7443
157.1252
123.129
137.7451
134.5279
139.764
134.3049
137.4147
141.5208
109.0352
110.4676
115.9499
117.0385
120.0874
102.809
108.0856
108.8451
112.1223
115.7967
118.1417
119.3432
123.5347
126.8331
133.5581
121.2313
125.1905
127.2931
127.6838
132.8221
134.2688
127.7945
127.7879
128.3329
135.6636
137.9652
137.8313
134.1693
132.4067
134.8736
122.5155
127.4864
130.3111
133.4216
119.3027
119.9562
121.2465
126.0047
122.4837
120.0861
123.9973
124.9557
127.2109
128.0096
130.4547
132.9787
138.7325
141.6478
139.8184
144.8955
138.1757
133.549
136.2507
145.3347
146.9857
122.9349
125.1042
127.1938
128.9751
117.1183
120.9076
121.9951
123.858
129.0003
113.8139
119.7975
120.3969
115.4316
113.8913
118.7775
112.0525
113.5854
117.6552
118.8933
113.1412
102.1791
105.1269
106.4371
107.1295
113.8891
113.9673
117.8681
119.7171
126.1149
128.9626
118.3809
119.592
122.8374
125.6967
120.9509
122.2445
124.0779
128.5909
129.5031
123.8103
122.4291
123.2674
129.386
133.5208
133.0401
139.1943
125.6483
126.8429
130.7579
131.9111
137.8652
139.2067
132.3286
132.9045
125.9685
121.855
123.3717
123.3018
129.2688
128.5042
134.9556
135.8822
128.3044
130.5122
132.5452
137.887
135.802
142.3503
141.8591
146.8333
132.1395
132.7124
131.0853
130.3458
136.5029
128.9839
128.5235
126.4221
116.3123
116.8458
116.1455
94.3668
97.341
97.0883
101.2124
103.8541
106.6259
95.7201
96.2252
95.3317
98.6548
104.8236
89.6031
90.6874
93.1996
100.1992
97.5577
95.6053
101.2481
103.2489
108.2746
111.6401
110.4173
110.9993
116.7932
120.6958
121.5103
138.9541
138.3036
136.0062
134.3024
133.2138
133.711
139.2259
137.4983
88.5921
83.0597
88.3159
86.9011
88.4789
94.5382
99.946
105.2711
102.4473
111.2331
108.2423
114.939
114.8326
118.119
125.4904
123.2613
128.016
129.3004
133.6254
137.8098
134.367
129.3809
131.0864
129.5219
101.8624
108.3384
115.3645
113.9606
116.9665
119.3804
114.2161
121.3482
57222.476742744446
