times
4.2749
7.7911
11.5667
14.8615
18.4337
23.8141
25.8635
28.9607
32.9585
37.0788
40.9163
43.9131
48.2782
50.9119
55.2981
59.7898
64.3154
65.9727
69.5469
73.4416
77.2352
79.1884
84.9934
87.542
92.4578
96.39
96.5629
100.7635
105.3929
107.9907
116.3649
114.7966
124.2054
134.3812
130.2843
134.5368
140.581
147.1529
144.1643
150.1679
163.7179
170.3107
179.0473
191.6953
180.2425
175.6566
180.6124
195.8465
206.8788
196.4439
178.6294
179.1754
184.1427
193.7442
185.033
170.739
175.7101
175.6974
180.6198
184.2141
169.1602
172.7551
176.986
179.9883
182.5748
172.1009
179.7746
177.8656
180.6687
189.2026
170.4051
174.4199
177.3271
186.2567
200.8451
182.685
184.8851
202.9976
191.535
196.7347
191.0452
187.6349
187.2515
178.3886
184.0532
165.6843
171.6085
172.209
177.1765
181.4804
167.062
170.1626
176.5801
192.9405
194.1306
180.3481
183.3943
191.8165
192.6013
198.455
168.5982
190.2904
187.3642
188.457
187.685
169.5363
172.3823
177.8288
176.7134
177.9968
171.5313
168.6023
177.1807
180.3617
185.1686
171.0668
169.0251
174.3056
178.7708
183.0611
169.7438
177.5842
176.8038
180.8211
186.0489
169.4839
179.9054
192.3098
197.5331
202.173
187.8123
194.8241
195.7721
178.618
178.3552
167.8282
168.0822
170.5869
175.6361
179.0685
166.0582
169.5723
174.6316
185.574
192.4815
168.204
172.9589
185.5946
191.1125
189.6339
185.1906
174.0711
179.9314
181.2136
186.3987
182.5286
175.8853
182.5653
187.4371
197.1193
186.6129
175.1007
173.04
182.1085
184.3656
164.7435
168.2923
171.6067
174.2092
178.0976
166.6466
167.1457
176.5868
188.7617
206.7635
186.2749
172.6537
180.3077
179.5061
182.5445
169.2784
168.6562
170.3862
175.4229
178.4502
165.0467
169.1806
170.919
172.9516
179.9627
163.4779
166.7452
173.5036
172.589
176.9659
167.5029
170.3314
171.3146
172.5307
179.9836
167.772
166.0973
169.8837
172.6677
179.9346
166.7835
166.3567
171.0535
173.7226
175.8649
167.6347
168.213
169.8834
174.2345
179.0731
164.3733
168.0027
170.2709
176.8907
176.6549
159.6146
159.9742
162.5614
159.3285
159.0953
146.9223
146.4636
154.8061
154.803
162.6993
144.9303
151.1392
152.0319
155.3708
160.2278
146.3321
149.7943
154.5852
158.8295
158.8443
146.4227
149.6723
151.0232
155.585
160.8802
145.4173
149.6239
153.0113
158.1723
159.0868
144.9088
149.4825
151.7287
156.4509
160.9578
147.7299
149.0342
154.7183
156.9805
161.013
144.8538
150.7513
151.5717
154.9182
158.1125
146.2057
147.7286
154.6069
153.5567
160.4797
164.198
166.247
169.833
174.2272
175.7456
165.8075
166.5794
169.0796
173.3348
175.1827
165.4605
165.6967
167.1865
174.0067
180.3385
166.6216
167.7236
171.5973
174.2447
178.4824
163.9588
166.8132
170.6864
176.4414
176.9199
163.2637
167.9192
168.2919
173.7946
180.3375
162.7955
165.1167
170.567
173.1081
177.4579
166.9933
166.256
167.8059
175.5013
177.6423
164.6682
166.7276
171.508
174.6055
177.2092
167.3873
166.5629
168.3281
175.0072
179.7678
161.7462
169.583
169.2398
172.3275
178.2827
160.3509
162.2977
160.283
159.2879
161.6977
144.3383
147.0535
154.5874
155.2251
162.1053
145.9313
148.6735
151.2018
157.7299
157.7605
148.3395
150.4139
153.2689
155.2619
159.0113
148.1542
148.6219
154.1016
156.5499
159.2831
147.8799
149.9409
152.6992
160.1766
160.3247
146.1791
151.2112
151.994
159.8736
160.9811
148.0446
150.6707
155.5641
157.4345
160.7467
146.8974
143.8356
144.5174
144.0574
144.0923
127.0675
128.3734
126.766
125.7342
126.2471
129.7055
131.6066
134.7294
138.3828
144.2031
131.2445
131.202
136.7432
140.4229
143.8648
125.994
126.9695
125.069
126.1859
125.4018
110.8511
109.1048
109.5404
110.6087
108.5877
95.5121
96.7806
100.5596
102.8475
103.4744
90.3751
92.4314
94.6414
100.9105
101.9808
89.4802
92.3385
96.1244
100.3674
101.0885
90.8437
91.0108
95.9927
97.6039
101.7116
108.9976
110.6334
114.1677
116.5252
120.6812
125.7198
129.0104
132.4693
136.1581
139.2309
124.3046
129.9194
130.6368
134.889
138.3604
121.4942
124.238
120.6543
122.4648
120.303
127.5323
126.2311
130.7616
133.9909
138.7211
143.3161
145.7965
150.4394
151.9975
155.6843
145.9157
148.3503
152.7293
155.689
158.8312
145.5812
152.2555
152.0961
157.472
158.3668
141.8068
142.8757
139.5945
143.484
160.7858
133.3612
135.5709
141.0181
143.149
148.9107
132.3035
134.1992
139.936
141.8028
153.1911
133.3623
134.2276
138.5211
145.9525
146.483
139.5487
138.4803
145.7614
147.2082
147.5661
158.2348
160.3995
162.3906
160.2627
161.7744
158.4519
154.9002
170.0889
162.0396
162.0277
145.5262
145.7741
142.2172
145.6439
141.7684
129.9664
131.5798
136.505
140.5756
143.6358
92195.64663362503
