times
4.5013
7.6072
11.3237
14.4966
18.0505
22.0583
24.3327
28.234
31.7833
35.1676
40.1679
41.4162
46.1061
48.4104
52.7821
57.7585
58.7554
61.6664
65.2382
69.0589
73.9153
76.2632
78.5183
82.2243
86.3102
92.6351
92.4708
95.3526
100.814
103.1189
108.699
109.2746
112.523
116.2786
121.2855
124.7308
126.4118
130.0282
133.8389
139.7257
143.2271
148.3731
154.2563
153.8611
153.9938
161.1472
162.8286
165.2396
169.4247
170.6113
161.8733
162.0692
165.762
169.6187
169.5865
160.8957
162.2255
177.3733
175.4071
184.9143
169.6237
173.8795
170.4945
169.8694
171.4237
161.8718
160.5959
167.7764
169.5274
172.0178
157.244
163.2304
163.4846
169.3931
172.4384
159.3547
162.965
165.9108
169.6257
171.0371
161.6721
160.5418
168.0661
167.2514
172.3609
160.421
163.7023
165.7994
168.1689
172.5005
160.1497
164.0385
167.5217
170.9826
172.2281
160.9542
165.38
164.2525
168.7008
175.4925
158.0394
164.5911
164.5054
167.0493
173.8939
160.7855
161.7104
165.2389
168.3145
173.406
158.9368
163.332
165.9895
168.2018
170.9106
161.7416
159.8669
168.1203
169.3924
170.6835
159.1967
163.1059
166.0238
169.1652
171.0779
160.5702
160.4641
164.0558
166.933
170.4112
157.4436
161.6401
165.9293
167.4337
172.3253
158.3578
159.7709
166.0399
168.0479
169.8058
162.2059
162.1394
166.1679
169.3147
172.3637
159.8939
162.18
164.3881
170.1197
171.1712
159.2157
159.4731
165.5773
169.0645
172.0553
164.4503
168.6359
173.4376
168.8979
173.8517
160.6082
161.2128
165.2284
167.9869
172.7119
162.1584
164.3976
166.7662
168.8013
176.0028
159.0952
162.9945
163.87
172.128
172.292
157.4033
163.352
168.5935
166.9983
174.1182
161.4416
161.4475
165.203
168.4847
171.8695
158.1195
162.0133
167.2328
167.9821
174.1127
160.3307
163.4151
163.464
171.2086
174.4065
161.6066
165.102
163.9684
168.4249
172.896
160.3341
160.4944
166.5637
167.8596
175.2703
159.9324
161.2437
167.0856
167.5031
173.447
160.1923
163.0619
164.0835
172.3395
175.3164
164.3659
161.2107
167.7851
169.3655
170.7285
163.4047
162.1853
167.2116
169.9908
174.9517
162.3051
165.1426
166.3073
168.4095
174.8115
161.5123
162.2944
166.6085
170.4929
171.8908
162.8162
161.8001
169.7533
169.3118
171.6531
163.4047
161.2325
170.4041
171.1876
173.7367
161.2037
164.5568
167.6833
170.3699
173.016
163.1355
163.497
164.6865
170.7184
174.7474
162.3411
163.6577
167.3386
168.8205
175.6462
160.7684
161.9642
167.9958
169.5159
174.6025
159.2555
162.166
166.208
171.0549
172.5457
160.214
162.7988
164.7675
170.1537
171.8394
162.455
161.9872
164.2563
169.7811
176.4517
159.5995
161.435
165.6014
167.9077
173.8361
159.3772
162.249
164.1579
169.0186
171.4824
159.263
159.8673
166.1659
166.872
172.7179
159.2268
161.2091
168.3361
168.3551
174.0626
159.5185
161.8113
166.8903
167.8137
172.2568
158.05
159.7301
163.506
168.0606
171.9319
161.8606
161.0352
167.1944
171.595
170.4373
162.2802
160.3847
166.2852
167.5819
173.1303
159.2264
161.3492
165.0353
169.4556
171.205
162.1905
161.7675
165.4169
170.1879
173.2077
159.2591
163.7421
167.5129
168.8555
171.0212
161.3617
161.1903
164.3562
169.812
171.9031
158.0542
164.4771
166.1966
168.0783
172.3824
159.2826
165.0854
166.3488
167.9863
173.6603
159.3106
183.0307
175.08
184.9049
189.4576
171.1463
169.1337
177.0045
180.0373
183.5969
168.721
167.5246
169.7873
173.8218
181.9471
166.0641
168.1569
172.7153
177.209
181.3661
174.5911
171.9498
172.519
175.2097
177.8014
167.8809
167.3237
169.6124
173.2674
177.954
166.8789
180.5041
172.4534
178.2706
196.8585
186.8053
188.1402
205.6871
194.6148
175.4423
161.809
182.1022
183.983
192.8972
186.7075
170.5309
174.7837
172.2469
170.7651
182.1544
173.1146
170.6027
176.524
180.9449
181.395
162.1927
165.9965
171.4642
170.3139
184.2868
167.0559
168.7303
192.9215
175.7351
199.0883
163.3029
167.1797
170.4699
169.1822
176.9165
160.6392
165.5547
174.5598
176.4224
178.7964
173.6486
172.4406
173.6
177.5766
182.6121
169.1147
185.8611
177.5677
180.2077
192.395
173.6526
171.8344
172.5176
175.9962
182.7149
172.9833
177.6117
177.3414
181.0534
183.5123
180.9455
182.9274
179.0878
184.4632
176.4417
168.8972
180.577
173.7036
179.9714
189.043
170.2427
171.4523
169.5753
173.8447
179.6107
169.2771
171.4069
178.8345
179.7344
190.8199
172.978
181.3374
179.3025
177.7559
185.6868
168.447
176.7573
176.7683
174.0
178.9477
159.9683
164.1144
166.4823
172.5834
173.1777
160.7713
162.5563
166.1041
168.9129
174.2568
159.1727
164.0372
164.7647
170.507
176.724
160.4473
163.5569
167.9942
171.6464
172.5936
160.8995
164.2891
168.2406
170.4156
173.953
95959.69494605064
